# AuxiliaryInfo.dat
    0.5779398453639848       0.5439460036394081     -0.00265589638464687                   0.1572       0.4753262383528475        4.246737636134886       0.1488456134631657      0.005444582566955026                         0         1.062468651943737
    0.5865243394447127       0.5532090450623646   -0.0001046269052084698                  0.15655       0.4635384396058801        4.256249795141233       0.1455596679540798     0.0002093468788753159                         0          1.06022184960233
    0.5947079236483775       0.5618988352206711   -0.0001046269052084698                   0.1559        0.452644334778222        4.265624802344893       0.1424748436610835     0.0002046706614857989                         0         1.058389630989934
     0.602534354585934       0.5700500426323821   -0.0001046269052084698                  0.15525       0.4425588927820907        4.284374809137509       0.1395925085142011     0.0002004022311516411                         0         1.056984977526162
    0.6100171037306704       0.5777081026376876   -0.0001046269052084698                   0.1546       0.4332154755151803        4.293749814762309       0.1368935082620126     0.0001964878778415052                         0         1.055926128737709
     0.617173375403592       0.5849168670249049   -0.0001046269052084698                  0.15395       0.4245483495494427        4.312499820160614       0.1343633971297434     0.0001928832782780733                         0         1.055147126969549
    0.6240220798463002       0.5917172967412103   -0.0001046269052084698                   0.1533       0.4164953124272366        4.321874824672583        0.131987260999111     0.0001895499499154559                         0         1.054594921213846
     0.630582533766105       0.5981468889995916   -0.0001046269052084698                  0.15265       0.4089989685115705        4.340624829072095        0.129750513731545     0.0001864546547861813                         0         1.054226848292688
    0.6368736650296176       0.6042395446800856   -0.0001046269052084698                    0.152       0.4020071793554575        4.359374833066227       0.1276406486936767     0.0001835687525789896                         0         1.054008540546257
    0.6429135543696066       0.6100256829978712   -0.0001046269052084698                  0.15135       0.3954730371694951        4.368749836447965        0.125646256982762     0.0001808682618874615                         0         1.053912232969728
    0.6487191961071616       0.6155324826480011   -0.0001046269052084698                   0.1507       0.3893545818010377          4.3874998398101       0.1237570012239729     0.0001783348028895766                         0         1.053915413954305
    0.6543063975176497       0.6207841768312584   -0.0001046269052084698                  0.15005       0.3836143960802353        4.406249842907272       0.1219647437250441     0.0001759469368916185                         0         1.053999758480577
    0.6596897634109529       0.6258023603415298   -0.0001046269052084698                   0.1494       0.3782191590844427        4.415624845560021       0.1202604125315235     0.0001736939756710985                         0         1.054150287601556
    0.6648827310485803       0.6306062859279046   -0.0001046269052084698                  0.14875       0.3731392014669624        4.434374848235134       0.1186362063538258     0.0001715589067261449                         0         1.054354706591738
    0.6698976329877959       0.6352131385971365   -0.0001046269052084698                   0.1481       0.3683480861360962        4.453124850728035       0.1170870733950661     0.0001695321836377444                         0         1.054602883059002
    0.6747457736881928       0.6396382832191321   -0.0001046269052084698                  0.14745        0.363822225650219        4.471874853058827       0.1156058131186258     0.0001676044266552777                         0         1.054886434314602
    0.6794375111061908       0.6438954845756586   -0.0001046269052084698                   0.1468       0.3595405392800497        4.490624855244734       0.1141881975558999     0.0001657656548615633                         0          1.05519839997348
    0.6839823379943082       0.6479971010113151   -0.0001046269052084698                  0.14615       0.3554841497447138        4.509374857300585       0.1128283910741955     0.0001640085427125643                         0         1.055532981121205
    0.6883889598582524       0.6519542538210938   -0.0001046269052084698                   0.1455       0.3516361172536297        4.528124859239205        0.111523831881119     0.0001623265625012335                         0         1.055885331599334
    0.6926653679485942         0.65577697489017   -0.0001046269052084698                  0.14485       0.3479812064867105        4.546874861071746       0.1102691241320104     0.0001607138822161674                         0         1.056251390232154
    0.6968189065484895       0.6594743351423561   -0.0001046269052084698                   0.1442       0.3445056842903272        4.556249862684156       0.1090610931574476     0.0001591652780143353                         0         1.056627745339504
    0.7008563343645429       0.6630545562246383   -0.0001046269052084698                  0.14355       0.3411971432913392        4.574999864340431       0.1078977833707209     0.0001576760591027106                         0         1.057011524817356
    0.7047838801500333       0.6665251076415639   -0.0001046269052084698                   0.1429       0.3380443482091667        4.593749865915891       0.1067752074221481      0.000156242003147127                         0         1.057400306555476
    0.7086072928680397       0.6698927913080343   -0.0001046269052084698                  0.14225       0.3350371027972941        4.612499867417216       0.1056908875452562      0.000154859300612988                         0         1.057792045104711
      0.71233188679723       0.6731638152496432   -0.0001046269052084698                   0.1416       0.3321661331291659        4.631249868850331        0.104642541659743     0.0001535245066903969                         0         1.058185011386786
    0.7159625820151734       0.6763438579476287   -0.0001046269052084698                  0.14095       0.3294229862335368        4.649999870220508       0.1036280646253821     0.0001522344996681304                         0         1.058577742919923
    0.7195039406991601       0.6794381246216776   -0.0001046269052084698                   0.1403       0.3267999413773716        4.678124871615777       0.1026455114754266     0.0001509864448002019                         0         1.058969002560592
     0.722960199666101       0.6824513965598684   -0.0001046269052084698                  0.13965       0.3242899324928302        4.696874872868314       0.1016930824218729     0.0001497777628597594                         0         1.059357744172122
    0.7263352995462174       0.6853880744467516   -0.0001046269052084698                    0.139       0.3218864800245178        4.715624874070919       0.1007691094411339     0.0001486061027017008                         0         1.059743083951207
    0.7296329109524649       0.6882522165029513   -0.0001046269052084698                  0.13835       0.3195836308363536        4.734374875226978      0.09987204426611695     0.0001474693172614459                         0         1.060124276395054
    0.7328564579729815       0.6910475721314733   -0.0001046269052084698                   0.1377       0.3173759058278071        4.753124876339544      0.09900044762809679     0.0001463664136477913                         0         1.060500694089793
    0.7360091392825163        0.693777611667286   -0.0001046269052084698                  0.13705       0.3152582530258868         4.77187487741138      0.09815297960839348     0.0001452950265477728                         0         1.060871810657684
    0.7390939471345773       0.6964455527387673   -0.0001046269052084698                   0.1364       0.3132260066522825        4.790624878444997      0.09732839097536056     0.0001442531397919686                         0         1.061237186325085
     0.742113684469611       0.6990543836793213   -0.0001046269052084698                  0.13575       0.3112748503958778        4.809374879442672      0.09652551539630477     0.0001432392265307772                         0         1.061596455672718
    0.7450709803456979       0.7016068843635943   -0.0001046269052084698                   0.1351       0.3094007851044598        4.837499880453887      0.09574326242667525     0.0001422528890926615                         0         1.061949317209247
    0.7479683038764482       0.7041056447920585   -0.0001046269052084698                  0.13445       0.3076000998056337        4.856249881382293      0.09498061119030843     0.0001412924075875009                         0         1.062295524473269
    0.7508079768377123       0.7065530817012687   -0.0001046269052084698                   0.1338       0.3058693459030629         4.87499988228064      0.09423660467458839     0.0001403560119729055                         0          1.06263487842075
     0.753592185087448       0.7089514534406632   -0.0001046269052084698                  0.13315       0.3042053142721902        4.893749883150504      0.09351038961643127     0.0001394430405831413                         0         1.062967220896698
    0.7563229889249289       0.7113028733229974   -0.0001046269052084698                   0.1325       0.3026050144647393        4.921874884027699      0.09280182030933093     0.0001385532566430943                         0         1.063292429023985
    0.7590023325021511       0.7136093216289275   -0.0001046269052084698                  0.13185       0.3010656563170927        4.940624884842041      0.09210940864980005     0.0001376844634377028                         0         1.063610410370442
    0.7616320523863297       0.7158726564218734   -0.0001046269052084698                   0.1312       0.2995846332258031        4.959374885632047      0.09143240273846831     0.0001368362013607457                         0         1.063921098777798
    0.7642138853611152       0.7180946233089219   -0.0001046269052084698                  0.13055       0.2981595071108215        4.978124886398841      0.09077021820022191      0.000136008522881252                         0         1.064224450755209
    0.7667494755447196       0.7202768642668388   -0.0001046269052084698                   0.1299       0.2967879950231425        5.006249887167161      0.09012294047335545     0.0001351993471222419                         0         1.064520442355354
    0.7692403808940469       0.7224209256368487   -0.0001046269052084698                  0.12925       0.2954679566199572        5.024999887888272      0.08948909336810468     0.0001344087193435417                         0          1.06480906646417
    0.7716880791550867       0.7245282653780484   -0.0001046269052084698                   0.1286       0.2941973834883926        5.043749888589161      0.08886811206300055     0.0001336361838433501                         0          1.06509033044578
    0.7740939733157766       0.7266002596606387   -0.0001046269052084698                  0.12795       0.2929743887721424        5.071874889287551      0.08826049199124264     0.0001328801343836073                         0         1.065364254093259
    0.7764593966079648       0.7286382088673093   -0.0001046269052084698                   0.1273       0.2917971981237718        5.090624889948411      0.08766462028968192     0.0001321412991128164                         0         1.065630867843061
    0.7787856171029108       0.7306433430655311   -0.0001046269052084698                  0.12665       0.2906641415027439        5.118749890604223      0.08708044507274998     0.0001314182155277024                         0         1.065890211217397
    0.7810738419384642       0.7326168270047231   -0.0001046269052084698                    0.126       0.2895736453768584        5.137499891228233      0.08650779860408186     0.0001307102726530602                         0         1.066142331464019
    0.7833252212120768       0.7345597646862052   -0.0001046269052084698                  0.12535       0.2885242260896901        5.156249891835729      0.08594545851841517     0.0001300180600510133                         0         1.066387282367103
    0.7855408515709291        0.736473203548848   -0.0001046269052084698                   0.1247       0.2875144834425228        5.184374892434693      0.08539428931157889     0.0001293397406147439                         0         1.066625123206946
    0.7877217795265904       0.7383581383080809   -0.0001046269052084698                  0.12405       0.2865430946972798        5.203124893009236       0.0848525751374512     0.0001286759727422748                         0          1.06685591784908
    0.7898690045187934        0.740215514481655   -0.0001046269052084698                   0.1234       0.2856088096743781        5.231249893573058      0.08432105767996562     0.0001280258278496504                         0         1.067079733946209
    0.7919834817508576       0.7420462316322849   -0.0001046269052084698                  0.12275       0.2847104455041935        5.249999894116864      0.08379845004655656     0.0001273886518211251                         0         1.067296642238663
     0.794066124816559       0.7438511463536632   -0.0001046269052084698                   0.1221       0.2838468824247558        5.278124894647898      0.08328532154134394     0.0001267651204574279                         0         1.067506715940935
    0.7961178081363732       0.7456310750235752   -0.0001046269052084698                  0.12145       0.2830170596504524        5.306249895162586       0.0827804226928685     0.0001261535940685242                         0         1.067710030203521
    0.7981393692201036       0.7473867963460454   -0.0001046269052084698                   0.1208       0.2822199713624371        5.324999895663202      0.08228452198146785     0.0001255548241421976                         0         1.067906661640886
     0.800131610769089       0.7491190537003494   -0.0001046269052084698                  0.12015       0.2814546635634774        5.353124896148151      0.08179625572581428     0.0001249678959393265                         0         1.068096687917236
     0.802095302633089       0.7508285573155875   -0.0001046269052084698                   0.1195       0.2807202304531889        5.371874896622449      0.08131629787534739     0.0001243924234419884                         0         1.068280187383263
    0.8040311836321146       0.7525159862846991   -0.0001046269052084698                  0.11885       0.2800158118339759        5.399999897079339      0.08084373205534412       0.00012382890902297                         0         1.068457238757539
    0.8059399632555206       0.7541819904330563   -0.0001046269052084698                   0.1182       0.2793405900437523        5.428124897522164      0.08037846368632851     0.0001232760050750184                         0         1.068627920847265
    0.8078223232471572       0.7558271920531012   -0.0001046269052084698                  0.11755       0.2786937876359964        5.446874897958983      0.07992063280788597      0.000122734480707036                         0         1.068792312303698
    0.8096789190864858       0.7574521875172016   -0.0001046269052084698                   0.1169       0.2780746648253953        5.474999898375933      0.07946939621990179     0.0001222034592814972                         0         1.068950491408084
    0.8115103813729432       0.7590575487781148   -0.0001046269052084698                  0.11625       0.2774825174402816        5.503124898779881      0.07902499424733928     0.0001216826598147138                         0         1.069102535884464
    0.8133173171217705       0.7606438247669229   -0.0001046269052084698                   0.1156       0.2769166747157329         5.53124989917115      0.07858720879137543     0.0001211726069905123                         0         1.069248522736304
     0.815100310977509       0.7622115426963284   -0.0001046269052084698                  0.11495       0.2763764975169924        5.549999899561703       0.0781554825689168     0.0001206721216111309                         0         1.069388528104058
    0.8168599263517421       0.7637612092772946   -0.0001046269052084698                   0.1143       0.2758613765493012        5.578124899929432      0.07772983277868523     0.0001201817607239211                         0         1.069522627141165
    0.8185967064905431       0.7652933118555978   -0.0001046269052084698                  0.11365       0.2753707306085634        5.606249900285293      0.07731038869580381     0.0001197010617558576                         0         1.069650893906523
    0.8203111754767537       0.7668083194747242   -0.0001046269052084698                    0.113       0.2749040051703428        5.634374900629537      0.07689651299560085     0.0001192294425992009                         0         1.069773401271224
    0.8220038391722668       0.7683066838709784   -0.0001046269052084698                  0.11235       0.2744606708285773        5.662499900962391      0.07648806891333498      0.000118767750775947                         0         1.069890220838228
    0.8236751861038178       0.7697888404054914   -0.0001046269052084698                   0.1117       0.2740402220988035        5.681249901299914       0.0760850298804156     0.0001183148978550531                         0         1.070001422873117
    0.8253256882972528       0.7712552089385911   -0.0001046269052084698                  0.11105       0.2736421759771088        5.709374901611387      0.07568748032662542     0.0001178708425583876                         0         1.070107076244895
    0.8269558020632487       0.7727061946503194   -0.0001046269052084698                   0.1104       0.2732660708982987        5.737499901912047      0.07529491872431232     0.0001174361303203358                         0         1.070207248375551
    0.8285659687380624       0.7741421888113391   -0.0001046269052084698                  0.10975       0.2729114655583718        5.765624902202066       0.0749072199818796     0.0001170098232452573                         0         1.070302005197274
    0.8301566153824516       0.7755635695077533   -0.0001046269052084698                   0.1091       0.2725779379520228        5.793749902481608      0.07452426108964411     0.0001165919550741954                         0         1.070391411116597
    0.8317281554416703       0.7769707023233627   -0.0001046269052084698                  0.10845       0.2722650842353525        5.821874902750818      0.07414592103026207     0.0001161829778755609                         0         1.070475528984469
    0.8332809893688747       0.7783639409821114   -0.0001046269052084698                   0.1078       0.2719725180503414        5.849999903009835      0.07377212047159193     0.0001157820867281537                         0         1.070554420071595
    0.8348155052148639       0.7797436279539408   -0.0001046269052084698                  0.10715       0.2716998694265284        5.878124903258788      0.07340286226637849     0.0001153892042219258                         0         1.070628144048461
    0.8363320791859606        0.781110095026312   -0.0001046269052084698                   0.1065       0.2714467841022866         5.90624990349779      0.07303783186215268     0.0001150048487735973                         0         1.070696758969375
     0.837831076172123       0.7824636638437623   -0.0001046269052084698                  0.10585       0.2712129228070647        5.934374903726946      0.07267691680789701     0.0001146283826104454                         0          1.07076032126005
    0.8393128502477781       0.7838046464182038   -0.0001046269052084698                   0.1052       0.2709979603039521        5.971874903924122      0.07232000614639167     0.0001142596599251836                         0         1.070818885708321
     0.840777745146121       0.7851333456110953   -0.0001046269052084698                  0.10455       0.2708015851115022        5.999999904133349      0.07196699033724335     0.0001138986900667997                         0         1.070872505457474
    0.8422260947100302       0.7864500555906567   -0.0001046269052084698                   0.1039       0.2706234983103534        6.028124904333009      0.07161776118106694     0.0001135457704112815                         0         1.070921232001991
    0.8436582233191119       0.7877550622640938   -0.0001046269052084698                  0.10325       0.2704634134640919        6.056249904523166      0.07127221174477993     0.0001132003599569737                         0         1.070965115185203
    0.8450744462962353       0.7890486436881357   -0.0001046269052084698                   0.1026       0.2703210558224895        6.084374904703879       0.0709302362880006     0.0001128624038067134                         0         1.071004203198735
    0.8464750702939965       0.7903310704586397   -0.0001046269052084698                  0.10195       0.2701961615973497        6.121874904850507      0.07059173019050891     0.0001125318488969959                         0          1.07103854258334
    0.8478603936619932       0.7916026060802196   -0.0001046269052084698                   0.1013       0.2700884778090299        6.149999905012053      0.07025658988074213     0.0001122087435343629                         0         1.071068178231024
    0.8492307067967559       0.7928635073179335   -0.0001046269052084698                  0.10065       0.2699977615173905        6.178124905164297      0.06992471276528628     0.0001118931298605966                         0         1.071093153388123
    0.8505862924751615       0.7941140245318866   -0.0001046269052084698                      0.1        0.269923779410723        6.206249905307269      0.06959599715933779      0.000111584717515153                         0         1.071113509659275
    0.4304911626721112       0.2301367630540722    -0.005269149289287236       0.1836666666666667       0.6930448014133834        3.790760066513384        0.241126104950926       0.03528327436233208                         0         1.870406650997641
    0.4308427621368691       0.2297188694099057    -0.004936651233233288       0.1837833333333334       0.6921141982994254        3.763313198907561       0.2411897426513118        0.0331353589421596                         0         1.875361894671965
    0.4312090871111694       0.2293094598676057    -0.004561346527211511                   0.1839       0.6911617350479067        3.745316638842869       0.2412525186232921       0.03068756048185568                         0         1.880331005987918
    0.4315845694422148       0.2289058958148692    -0.004141635839680467       0.1840166666666667       0.6901966104886673        3.727354625266485       0.2413146554571421       0.02792728375554668                         0         1.885310372044315
    0.4322333099535384       0.2286294155081617    -0.003073895233569329       0.1841333333333333       0.6887913088903738        3.682197241454285       0.2413883877955081       0.02075403145292906                         1         1.890478593402404
    0.4323718841929463       0.2281201734680201    -0.003073895233569329                  0.18425       0.6882144326604558        3.682184132911698       0.2414383385917276       0.02081930186257283                         0         1.895306227958844
    0.4325120726014287       0.2276137994560615    -0.003073895233569329       0.1843666666666667       0.6876355868604438        3.682170975337936       0.2414892172817927       0.02088447561322643                         0         1.900138613313207
    0.4329219455010829       0.2272324672904119    -0.002339516663732235       0.1844833333333333        0.686623470937801        3.654957832242951       0.2415489676745054       0.01592897899848265                         0         1.905157556901548
    0.4330669115971901        0.226732208836766    -0.002339516663732235                   0.1846       0.6860391203783194         3.65495019734239        0.241597414076655       0.01597858314705143                         0         1.910000426373269
    0.4334465394397021       0.2263404306311705    -0.001427473992930585       0.1847166666666667       0.6850795037462141        3.637011751930305        0.241655357437183      0.009771310032748835                         0         1.915006731012612
    0.4335959971127633       0.2258461081554632    -0.001427473992930585       0.1848333333333333       0.6844901002409982        3.637008905346023       0.2417001234563975      0.009801372719014188                         0         1.919859980352936
      0.43374698339748       0.2253545141303686    -0.001427473992930585                  0.18495       0.6838989781218683         3.62762920837631       0.2417467583500575      0.009831500820878535                         0         1.924718001091894
    0.4338994795068021       0.2248656215881517    -0.001427473992930585       0.1850666666666667       0.6833061849256269        3.627626337328871       0.2417908528661011      0.009861695187235732                         0         1.929580795549413
    0.4341835709582862       0.2244378473410835   -0.0003961633528245839       0.1851833333333333       0.6825050439100979        3.618711321364675       0.2418396315108921      0.002743949459831585                         1         1.934537056032311
    0.4343397985249399       0.2239544944407393   -0.0003961633528245839                   0.1853       0.6819082516290887        3.618711099403146        0.241883175263148      0.002752286343110063                         0         1.939409883346708
    0.4344974843633691       0.2234737644774037   -0.0003961633528245839       0.1854166666666667       0.6813099266252964        3.609335731962281       0.2419242190176107      0.002760610390699803                         0         1.944287494803579
    0.4346566105323837       0.2229956317880357   -0.0003961633528245839       0.1855333333333333       0.6807101140672267        3.609335508116217       0.2419647452945223        0.0027689791552556                         0         1.949169893089457
    0.4348171594640495       0.2225200711058371   -0.0003961633528245839                  0.18565       0.6801088580136134        3.609335283470988       0.2420054882956125      0.002777340804504106                         0         1.954057081027825
    0.4349791138355467       0.2220470574952831   -0.0003961633528245839       0.1857666666666667       0.6795062017681354        3.609335058022185       0.2420437728779953      0.002785689788035624                         0         1.958949061538231
    0.4351424565644189       0.2215765663465556   -0.0003961633528245839       0.1858833333333333       0.6789021879811348        3.599959684965414       0.2420820355014817      0.002794026119477286                         0          1.96384583763373
    0.4353071708042804       0.2211085733702638   -0.0003961633528245839                    0.186       0.6782968584517081        3.599959457610436       0.2421200820897746        0.0028023498155348                         0          1.96874741241844
    0.4354732399403095        0.220643054592115   -0.0003961633528245839       0.1861166666666667       0.6776902544534468        3.599959229441259       0.2421557109906088      0.002810717623038066                         0         1.973653789085132
    0.4356406475851077       0.2201799863478166   -0.0003961633528245839       0.1862333333333333       0.6770824165289339        3.599959000453462       0.2421917741485028      0.002819080087454242                         0         1.978564970912968
    0.4358093775744893       0.2197193452780069   -0.0003961633528245839                  0.18635       0.6764733844906099        3.590583621748237        0.242227225383594      0.002827430089232236                         0         1.983480961265202
     0.435979413963579        0.219261108323386   -0.0003961633528245839       0.1864666666666667       0.6758631974753966        3.590583390832353       0.2422602988677018      0.002835767649430666                         0         1.988401763587038
    0.4361507410224749       0.2188052527196827   -0.0003961633528245839       0.1865833333333334        0.675251894158192        3.590583159087149       0.2422942224608196      0.002844092792057046                         0         1.993327381403489
    0.4363233432328024       0.2183517559931199   -0.0003961633528245839                   0.1867       0.6746395123626485        3.590582926508191       0.2423271762646862      0.002852460077904987                         0         1.998257818317328
    0.4364972052834476       0.2179005959555159   -0.0003961633528245839       0.1868166666666667       0.6740260894163556        3.581207542121091       0.2423577914805668      0.002860825133822964                         0         2.003193078007096
    0.4366723120672962       0.2174517506999392   -0.0003961633528245839       0.1869333333333333       0.6734116619646556         3.58120730759183       0.2423896313749971      0.002869177948415968                         0         2.008133164225169
    0.4368486486770386       0.2170051985959487   -0.0003961633528245839                  0.18705       0.6727962661274504        3.581207072218036       0.2424201826361655       0.00287751854975972                         0         2.013078080795831
    0.4370262004021221        0.216560918285444   -0.0003961633528245839       0.1871666666666667       0.6721799373938203        3.581206835995262       0.2424484337192437      0.002885846968748311                         0         2.018027831613502
    0.4372049527249844       0.2161188886782106   -0.0003961633528245839       0.1872833333333334       0.6715627106210244         3.58120659891906       0.2424782419869482      0.002894213926141186                         0         2.022982420640936
      0.43738489131763       0.2156790889476832   -0.0003961633528245839                   0.1874       0.6709446201660612        3.571831207696369       0.2425064826588648      0.002902583382433572                         0         2.027941851907464
    0.4375781712908995       0.2152467301463256   -4.121817950050841e-06       0.1875166666666667       0.6703071463562627        3.571874995234655       0.2425330349014812     3.028505905134656e-05                         1           2.0329143721134
    0.4377605096126558       0.2148113471265159   -4.121817950050841e-06       0.1876333333333333       0.6696873627413589        3.571874995208696       0.2425609039973318     3.037187112966869e-05                         0         2.037883544991693
    0.4379439928166148       0.2143781331604248   -4.121817950050841e-06                  0.18775       0.6690668145658324        3.571874995182641       0.2425869072445292      3.04585589219682e-05                         0         2.042857572898297
     0.438128607110627       0.2139470683478165   -4.121817950050841e-06       0.1878666666666667       0.6684455345174692        3.562499995139681       0.2426106847853511     3.054561804357147e-05                         0         2.047836460055173
    0.4383143390670828       0.2135181331198342   -4.121817950050841e-06       0.1879833333333333       0.6678235542564771         3.56249999511341       0.2426366161290892     3.063274416600969e-05                         0         2.052820210801587
    0.4385011754288784       0.2130913081474624   -4.121817950050841e-06                   0.1881        0.667200904712115        3.562499995087044       0.2426604842001625      3.07197479151772e-05                         0         2.057808829534025
     0.438689103106463       0.2126665743378141   -4.121817950050841e-06       0.1882166666666667       0.6665776167045959        3.562499995060584       0.2426822100612471      3.08066297161864e-05                         0         2.062802320704774
    0.4388781091750554        0.212243912830534   -4.121817950050841e-06       0.1883333333333334       0.6659537202549723        3.553124995016995        0.242706198483434     3.089339002083313e-05                         0         2.067800688820604
    0.4390681808716786       0.2118233049941671   -4.121817950050841e-06                  0.18845       0.6653292449250636        3.553124994990315       0.2427280150730264     3.098044300376632e-05                         0         2.072803938441338
    0.4392593055923247       0.2114047324226115   -4.121817950050841e-06       0.1885666666666667       0.6647042199304333        3.553124994963538       0.2427478739950366     3.106765291988478e-05                         0         2.077812074178632
    0.4394514708896208       0.2109881769318589   -4.121817950050841e-06       0.1886833333333333       0.6640786738915203        3.553124994936663       0.2427698568544048     3.115474326043973e-05                         0         2.082825100694698
    0.4396446644695212       0.2105736205563071   -4.121817950050841e-06                   0.1888       0.6634526350839735        3.543749994892444       0.2427897030659487     3.124171451095682e-05                         0         2.087843022701024
    0.4398388741893956       0.2101610455457669   -4.121817950050841e-06       0.1889166666666667       0.6628261311907817        3.543749994865349       0.2428077326012814     3.132856718234385e-05                         0         2.092865844957255
    0.4400340880548883        0.209750434361927   -4.121817950050841e-06       0.1890333333333333       0.6621991895004499        3.543749994838154       0.2428277891316744     3.141560887269735e-05                         0         2.097893572269978
    0.4402302942178533       0.2093417696753617   -4.121817950050841e-06                  0.18915       0.6615718369249174         3.54374999481086       0.2428457435526319     3.150292224142022e-05                         0         2.102926209491619
    0.4404274809735816       0.2089350343622365   -4.121817950050841e-06       0.1892666666666667       0.6609440997991182        3.543749994783467       0.2428619786624048     3.159011897470058e-05                         0          2.10796376151934
    0.4406256367585524       0.2085302115012997   -4.121817950050841e-06       0.1893833333333333       0.6603160042429587        3.534374994738488       0.2428801856374238     3.167719961447157e-05                         0         2.113006233293948
    0.4408247501480908       0.2081272843708542   -4.121817950050841e-06                   0.1895       0.6596875757166728        3.534374994710869        0.242896324410902      3.17641647268044e-05                         0         2.118053629798912
    0.4410248098539054       0.2077262364457161   -4.121817950050841e-06       0.1896166666666667       0.6590588394301613        3.534374994683151       0.2429107976477095      3.18511876826567e-05                         0         2.123105956059293
    0.4412258047220443       0.2073270513943931   -4.121817950050841e-06       0.1897333333333333       0.6584298201891813        3.534374994655331       0.2429272294493101     3.193862438910121e-05                         0         2.128163217140801
    0.4414277237304146       0.2069297130760949   -4.121817950050841e-06                  0.18985       0.6578005422953604        3.534374994627409       0.2429416263421412     3.202594753162644e-05                         0         2.133225418148811
    0.4416305559869572       0.2065342055380761   -4.121817950050841e-06       0.1899666666666667       0.6571710297129292        3.524999994581664       0.2429543680265669     3.211315770471996e-05                         0         2.138292564227473
    0.4418342907270374       0.2061405130126481   -4.121817950050841e-06       0.1900833333333334       0.6565413060868404        3.524999994553514       0.2429690967103604      3.22002555257943e-05                         0         2.143364660558768
    0.4420389173119021       0.2057486199147165   -4.121817950050841e-06                   0.1902       0.6559113945349345        3.524999994525262       0.2429818231779977     3.228725006197803e-05                         0         2.148441712361637
    0.4422444252260135       0.2053585108388211   -4.121817950050841e-06       0.1903166666666667       0.6552813179144613        3.524999994496905       0.2429928615693799     3.237483019084305e-05                         0         2.153523724891144
    0.4424508040756346       0.2049701705567904   -4.121817950050841e-06       0.1904333333333333       0.6546510987717189        3.515624994450515       0.2430059569268643      3.24622999481772e-05                         0         2.158610703437634
    0.4426580435864604       0.2045835840149826   -4.121817950050841e-06                  0.19055       0.6540207590810628        3.515624994421928       0.2430170821752578     3.254965997732614e-05                         0         2.163702653325893
    0.4428661336018096       0.2041987363318055   -4.121817950050841e-06       0.1906666666666667        0.653390320697944        3.515624994393236       0.2430264436371316     3.263691094336228e-05                         0         2.168799579914422
    0.4430750640807254       0.2038156127952337   -4.121817950050841e-06       0.1907833333333333       0.6527598049640239        3.515624994364439       0.2430379732551217      3.27240535326949e-05                         0         2.173901488594598
     0.443284825096166       0.2034341988603811   -4.121817950050841e-06                   0.1909       0.6521292329178734        3.515624994335536       0.2430475642997516     3.281160898134387e-05                         0         2.179008384790002
    0.4434954068330286       0.2030544801470349   -4.121817950050841e-06       0.1910166666666667       0.6514986253414687        3.506249994288367       0.2430552734604621      3.28992457231146e-05                         0         2.184120273955616
     0.443706799586539       0.2026764424373733   -4.121817950050841e-06       0.1911333333333333       0.6508680025564878         3.50624999425923       0.2430653027777663     3.298677608522781e-05                         0         2.189237161577175
     0.443918993760396       0.2023000716736026   -4.121817950050841e-06                  0.19125       0.6502373846174881        3.506249994229985       0.2430734245000207     3.307420077691312e-05                         0         2.194359053170442
    0.4441319798649755       0.2019253539556404   -4.121817950050841e-06       0.1913666666666667       0.6496067913480126        3.506249994200634       0.2430796545401873     3.316152052759086e-05                         0         2.199485954280583
    0.4443457485157952       0.2015522755389532   -4.121817950050841e-06       0.1914833333333333       0.6489762421010471        3.506249994171174       0.2430880967705313     3.324902853942258e-05                         0         2.204617870481428
    0.4445602904318761       0.2011808228323511   -4.121817950050841e-06                   0.1916       0.6483457559366785         3.49687499412322       0.2430948119715444     3.333685277557777e-05                         0         2.209754807374976
    0.4447755964337046       0.2008109823956524   -4.121817950050841e-06       0.1917166666666667       0.6477153517430646        3.496874994093523        0.243099665672626     3.342457407855855e-05                         0         2.214896770590603
    0.4449916574423713       0.2004427409378738   -4.121817950050841e-06       0.1918333333333334       0.6470850479514618        3.496874994063716       0.2431065009599855     3.351219319838696e-05                         0         2.220043765784633
    0.4452084644773083       0.2000760853148356   -4.121817950050841e-06                  0.19195       0.6464548627954846          3.4968749940338       0.2431118704121978     3.359971090420714e-05                         0         2.225195798639623
    0.4454260086549782       0.1997110025272033   -4.121817950050841e-06       0.1920666666666667       0.6458248142582147        3.496874994003773       0.2431154080175742     3.368715502583399e-05                         0         2.230352874863862
      0.44564428118766       0.1993474797186005   -4.121817950050841e-06       0.1921833333333333       0.6451949198287954        3.487499993955026        0.243120655773078     3.377518738428931e-05                         0         2.235515000190791
    0.4458632733815431       0.1989855041734293   -4.121817950050841e-06                   0.1923       0.6445651969246945        3.487499993924757       0.2431247382694805      3.38631203452053e-05                         0          2.24068218037848
    0.4460829766354124       0.1986250633149829   -4.121817950050841e-06       0.1924166666666667        0.643935662645167        3.487499993894378       0.2431270180561422     3.395095469623544e-05                         0         2.245854421209076
    0.4463033824394411       0.1982661447036186   -4.121817950050841e-06       0.1925333333333333       0.6433063336662069        3.487499993863886        0.243130696578873     3.403869124309495e-05                         0         2.251031728488323
    0.4465244823734216       0.1979087360347064   -4.121817950050841e-06                  0.19265       0.6426772266059212        3.487499993833282       0.2431335489802193     3.412633080918168e-05                         0         2.256214108045058
    0.4467462681055831       0.1975528251368615   -4.121817950050841e-06       0.1927666666666667       0.6420483576553581        3.478124993783735       0.2431346273056424      3.42143141277259e-05                         0         2.261401565730682
     0.446968731391346       0.1971983999701579   -4.121817950050841e-06       0.1928833333333334       0.6414197429076447        3.478124993752885        0.243136753923164     3.430247955242135e-05                         0         2.266594107418761
    0.4471918640717639       0.1968454486242357   -4.121817950050841e-06                    0.193       0.6407913980071333        3.478124993721921       0.2431384312031917     3.439055001841257e-05                         0         2.271791739004496
    0.4474156580723671       0.1964939593165946   -4.121817950050841e-06       0.1931166666666667       0.6401633384580884        3.478124993690843       0.2431383625502705     3.447852636501995e-05                         0         2.276994466404326
    0.4476401054018818        0.196143920390856   -4.121817950050841e-06       0.1932333333333333       0.6395355794803353        3.478124993659651       0.2431389537564839        3.456640944826e-05                         0         2.282202295555485
     0.447865198150932       0.1957953203150382   -4.121817950050841e-06                  0.19335        0.638908136111179        3.478124993628342       0.2431395090452464     3.465429582549441e-05                         0         2.287415232415552
    0.4480909284907344       0.1954481476798432   -4.121817950050841e-06       0.1934666666666667       0.6382810230712439        3.468749993577854       0.2431383460653427     3.474271458960254e-05                         0         2.292633282962045
    0.4483172886720796       0.1951023911970855   -4.121817950050841e-06       0.1935833333333333        0.637654254870057        3.468749993546296       0.2431374176558203      3.48310421165988e-05                         0         2.297856453192043
     0.448544271023894       0.1947580396979579   -4.121817950050841e-06                   0.1937         0.63702784582783        3.468749993514622       0.2431369022813013     3.491927927660834e-05                         0         2.303084749121787
    0.4487718679523734       0.1944150821315656   -4.121817950050841e-06       0.1938166666666667       0.6364018099486275        3.468749993482829       0.2431346958355699     3.500742695551231e-05                         0         2.308318176786269
    0.4490000719395489       0.1940735075632257   -4.121817950050841e-06       0.1939333333333333       0.6357761610397381        3.468749993450919       0.2431322630407503     3.509548605460896e-05                         0         2.313556742238885
     0.449228875542293       0.1937333051729755   -4.121817950050841e-06                  0.19405       0.6351509127231982        3.459374993399614        0.243130726568749     3.518388651237401e-05                         0         2.318800451551088
    0.4494582713912765       0.1933944642540777   -4.121817950050841e-06       0.1941666666666667       0.6345260784262678         3.45937499336745       0.2431275257677815     3.527249209168016e-05                         0         2.324049310812027
    0.4496882521896763       0.1930569742114369   -4.121817950050841e-06       0.1942833333333333       0.6339016712623237        3.459374993335167       0.2431236033841172     3.536101111722348e-05                         0         2.329303326128151
    0.4499188107123371       0.1927208245602171   -4.121817950050841e-06                   0.1944       0.6332777041880678        3.459374993302764        0.243121093656601     3.544944450215626e-05                         0          2.33456250362297
     0.450149939804543       0.1923860049243191   -4.121817950050841e-06       0.1945166666666667       0.6326541899335176        3.459374993270242       0.2431169458985019     3.553779317415839e-05                         0         2.339826849436663
    0.4503816323811471       0.1920525050350183   -4.121817950050841e-06       0.1946333333333334       0.6320311411061214        3.459374993237599       0.2431115484178556     3.562605807510188e-05                         0         2.345096369725793
    0.4506138814253471       0.1917203147294732   -4.121817950050841e-06                  0.19475       0.6314085699973137         3.44999999318533       0.2431081115898115      3.57149591404905e-05                         0         2.350371070662963
    0.4508466799879304       0.1913894239494409   -4.121817950050841e-06       0.1948666666666667       0.6307864887192058        3.449999993152428       0.2431030625967543     3.580378110703779e-05                         0         2.355650958436561
    0.4510800211860971        0.191059822739833   -4.121817950050841e-06       0.1949833333333333       0.6301649092292992        3.449999993119405       0.2430964148820244     3.589252132560307e-05                         0         2.360936039250451
     0.451313898202622       0.1907315012474307   -4.121817950050841e-06                   0.1951        0.629543843237627        3.449999993086257       0.2430918849090506     3.598118074786557e-05                         0         2.366226319323668
    0.4515483042847965       0.1904044497195158   -4.121817950050841e-06       0.1952166666666667       0.6289233023592313        3.449999993052988        0.243085978762504     3.606976033888236e-05                         0         2.371521804890172
    0.4517832327436254       0.1900786585026268   -4.121817950050841e-06       0.1953333333333334       0.6283032979625519        3.440624992999884       0.2430784991054323     3.615850050365691e-05                         0         2.376822502198571
    0.4520186769528594       0.1897541180412592   -4.121817950050841e-06                  0.19545       0.6276838411656948        3.440624992966351       0.2430725148463498     3.624764649619057e-05                         0         2.382128417511847
    0.4522546303479977       0.1894308188765663   -4.121817950050841e-06       0.1955666666666667        0.627064943015557        3.440624992932693       0.2430657940208982     3.633671467991803e-05                         0         2.387439557107103
    0.4524910864256085       0.1891087516452042   -4.121817950050841e-06       0.1956833333333333       0.6264466143404767        3.440624992898911       0.2430575244869739     3.642570602829933e-05                         0         2.392755927275338
    0.4527280387423253       0.1887879070780592   -4.121817950050841e-06                   0.1958       0.6258288657658209        3.440624992865003       0.2430500995168358     3.651462152737829e-05                         0         2.398077534321161
    0.4529654809140152       0.1884682759990525   -4.121817950050841e-06       0.1959166666666667       0.6252117077012631        3.440624992830969       0.2430426049128113     3.660346217548035e-05                         0         2.403404384562618
    0.4532034066149146       0.1881498493239522   -4.121817950050841e-06       0.1960333333333333       0.6245951505578083         3.43124999277688       0.2430335860035829     3.669266251488991e-05                         0         2.408736484330904
    0.4534418095768029        0.187832618059208   -4.121817950050841e-06                  0.19615       0.6239792044179249        3.431249992742577       0.2430247341068868     3.678207978712012e-05                         0         2.414073839970156
    0.4536806835882907       0.1875165733008462   -4.121817950050841e-06       0.1962666666666667       0.6233638792421118        3.431249992708148       0.2430165050817765     3.687142422433724e-05                         0         2.419416457837256
    0.4539200224940059       0.1872017062333338   -4.121817950050841e-06       0.1963833333333334       0.6227491847505938         3.43124999267359       0.2430067757660442     3.696069683154431e-05                         0         2.424764344301623
    0.4541598201936706       0.1868880081284137   -4.121817950050841e-06                   0.1965       0.6221351307586527        3.431249992638904       0.2429965110589561      3.70498986253012e-05                         0         2.430117505744962
    0.4544000706413746       0.1865754703440272   -4.121817950050841e-06       0.1966166666666667       0.6215217266475843        3.431249992604088       0.2429875854577237     3.713903063342602e-05                         0         2.435475948561108
    0.4546407678450137       0.1862640843233172   -4.121817950050841e-06       0.1967333333333333       0.6209089817401312           3.421874992549       0.2429771832015805     3.722866978912198e-05                         0         2.440839679155827
    0.4548819058652913       0.1859538415934658   -4.121817950050841e-06                  0.19685       0.6202969051957664        3.421874992513911       0.2429655202532897     3.731838845423292e-05                         0         2.446208703946597
    0.4551234788151188       0.1856447337647022   -4.121817950050841e-06       0.1969666666666667       0.6196855060362734        3.421874992478692       0.2429559344376468     3.740803934164013e-05                         0         2.451583029362459
    0.4553654808588225       0.1853367525292459   -4.121817950050841e-06       0.1970833333333333       0.6190747932473972        3.421874992443341       0.2429448952335046     3.749762348428951e-05                         0          2.45696266184382
    0.4556079062115094       0.1850298896603232   -4.121817950050841e-06                   0.1972       0.6184647753843617        3.421874992407858       0.2429324146973999     3.758714192571409e-05                         0         2.462347607842279
    0.4558507491384375       0.1847241370111967   -4.121817950050841e-06       0.1973166666666667       0.6178554611074389        3.421874992372243       0.2429216380634663      3.76765957197485e-05                         0         2.467737873820467
    0.4560940039540222       0.1844194865140579   -4.121817950050841e-06       0.1974333333333333       0.6172468588276342        3.412499992316142       0.2429099964580853     3.776664969902107e-05                         0         2.473133466251867
    0.4563376650214931       0.1841159301791939   -4.121817950050841e-06                  0.19755       0.6166389768875408        3.412499992280249       0.2428969362097221     3.785670000163705e-05                         0         2.478534391620648
    0.4565817267521285       0.1838134600939878   -4.121817950050841e-06       0.1976666666666667        0.616031823383682        3.412499992244222       0.2428847801972945     3.794668765559071e-05                         0         2.483940656421563
    0.4568261836045585       0.1835120684219673   -4.121817950050841e-06       0.1977833333333333       0.6154254064216409         3.41249999220806       0.2428725693189146     3.803661371845563e-05                         0         2.489352267159722
     0.457071030084123       0.1832117474018754   -4.121817950050841e-06                   0.1979       0.6148197337841252        3.412499992171763       0.2428589621381348     3.812647925749785e-05                         0         2.494769230350486
    0.4573162607422287       0.1829124893467536   -4.121817950050841e-06       0.1980166666666667       0.6142148132830861        3.412499992135331       0.2428454426942237     3.821628534940321e-05                         0         2.500191552519331
    0.4575618701758284       0.1826142866430859   -4.121817950050841e-06       0.1981333333333333       0.6136106525755984        3.403124992078204       0.2428326942788339     3.830672756362952e-05                         0         2.505619240201679
    0.4578078530267085       0.1823171317498723   -4.121817950050841e-06                  0.19825       0.6130072591162991        3.403124992041488       0.2428185715620644     3.839713984271628e-05                         0          2.51105229994277
    0.4580542039809705       0.1820210171977858   -4.121817950050841e-06       0.1983666666666667        0.612404640270896        3.403124992004634       0.2428037055729069     3.848749466335539e-05                         0         2.516490738297584
    0.4583009177683245       0.1817259355882754   -4.121817950050841e-06       0.1984833333333333       0.6118028032622783        3.403124991967643       0.2427904499897277     3.857779310473855e-05                         0         2.521934561830598
    0.4585479891615425       0.1814318795927245   -4.121817950050841e-06                   0.1986       0.6112017552806278        3.403124991930514       0.2427758417751789     3.866803625489753e-05                         0         2.527383777115783
    0.4587954129760751       0.1811388419516972   -4.121817950050841e-06       0.1987166666666667       0.6106015032425448        3.403124991893245         0.24275989210467     3.875822521046948e-05                         0         2.532838390736411
    0.4590431840691005       0.1808468154739601   -4.121817950050841e-06       0.1988333333333334       0.6100020541138576        3.403124991855838       0.2427459134601793     3.884902650451494e-05                         0         2.538298409284965
    0.4592912973392959       0.1805557930358032   -4.121817950050841e-06                  0.19895       0.6094034146313103        3.393749991797518       0.2427308484523567     3.893983116087088e-05                         0         2.543763839362995
    0.4595397477263351       0.1802657675802541   -4.121817950050841e-06       0.1990666666666667       0.6088055914230679         3.39374999175982       0.2427144631293026     3.903058360079906e-05                         0         2.549234687581063
    0.4597885302100163       0.1799767321161629   -4.121817950050841e-06       0.1991833333333334       0.6082085909991894         3.39374999172198       0.2426991602212284     3.912128492233364e-05                         0         2.554710960558576
     0.460037639809897       0.1796886797174891   -4.121817950050841e-06                   0.1993       0.6076124198684683        3.393749991683999       0.2426836658147328     3.921193623159717e-05                         0         2.560192664923712
     0.460287071584955       0.1794016035226084   -4.121817950050841e-06       0.1994166666666667       0.6070170842074305        3.393749991645876       0.2426668719217314     3.930253864255452e-05                         0         2.565679807313312
    0.4605368206327914       0.1791154967334459   -4.121817950050841e-06       0.1995333333333333        0.606422590409362         3.39374999160761       0.2426502644902925     3.939366731525094e-05                         0         2.571172394372795
    0.4607868820893793       0.1788303526148349   -4.121817950050841e-06                  0.19965       0.6058289443963921        3.384374991548232       0.2426343667930279      3.94848947832351e-05                         0         2.576670432756027
    0.4610372511282058       0.1785461644936403   -4.121817950050841e-06       0.1997666666666667       0.6052361522450602         3.38437499150967       0.2426171901337859     3.957607532031087e-05                         0         2.582173929125277
    0.4612879229603285        0.178262925758251   -4.121817950050841e-06       0.1998833333333334       0.6046442198421241        3.384374991470963       0.2425992993333301     3.966721004086979e-05                         0         2.587682890151084
    0.4615388928333155       0.1779806298576423   -4.121817950050841e-06                      0.2       0.6040531529551699        3.384374991432112       0.2425830231891283     3.975830006667863e-05                         0          2.59319732251219
    0.4615388928333155       0.1779806298576423   -4.121817950050841e-06                      0.2       0.6040531529551699        3.384374991432112       0.2425830231891283     3.975830006667863e-05                         0          2.59319732251219
    0.4579133872415602       0.1821900985575837   -4.121817950050841e-06                   0.1983       0.6127488986064663         3.40312499202571       0.2428121010868957      3.84358703102814e-05                         0         2.513382400249383
    0.4543657216572788       0.1866200478841425   -4.121817950050841e-06                   0.1966        0.621609315624118        3.431249992609069       0.2429889512377493     3.712630172274448e-05                         0         2.434710133138217
    0.4509132938300452        0.191295121019237   -4.121817950050841e-06                   0.1949       0.6306088428733557        3.449999993143005       0.2431013257974025     3.582914375546724e-05                         0         2.357160451352484
    0.4475759113899803       0.1962437841890911   -4.121817950050841e-06                   0.1932        0.639714907614522        3.478124993668575       0.2431384774842156      3.45413094620108e-05                         0         2.280713823435567
    0.4443763502334032       0.2014991116484248   -4.121817950050841e-06                   0.1915       0.6488861683230744        3.506249994166957       0.2430891706475898     3.326158118880497e-05                         0          2.20535141108873
    0.4413410745541059       0.2070997758237128   -4.121817950050841e-06                   0.1898       0.6580702629342062        3.534374994639389       0.2429357043308393     3.198853719587188e-05                         0         2.131055298213071
    0.4385011754288592       0.2130913081474536   -4.121817950050841e-06                   0.1881       0.6672009047123815        3.562499995087044       0.2426604842001667     3.071974791517907e-05                         0          2.05780882953402
    0.4358936089353659       0.2195277208960457   -4.121817950050841e-06                   0.1864       0.6761941020100849        3.590624995511048       0.2422422381761972     2.945348490003223e-05                         0         1.985597113340678
    0.4335628507423119       0.2264736158017028   -4.121817950050841e-06                   0.1847       0.6849431947711474        3.628124995927835       0.2416550917452355     2.818790090828939e-05                         0         1.914407774087701
    0.4315631386746148       0.2340069562849655   -4.121817950050841e-06                    0.183       0.6933122749337494        3.656249996306921       0.2408674166007965     2.692103756918958e-05                         0         1.844232092499893
    0.4299615587482869       0.2422227538724207   -4.121817950050841e-06                   0.1813       0.7011273761723021        3.693749996679052        0.239840344801043     2.565082669005338e-05                         0         1.775066759207857
    0.4288423611265376       0.2512380250128797   -4.121817950050841e-06                   0.1796       0.7081645610053124        3.731249997029733       0.2385257813253527     2.437522694570816e-05                         0          1.70691662250988
    0.4283130983377053       0.2611985219611665   -4.121817950050841e-06                   0.1779       0.7141336640353113        3.778124997371367       0.2368636503405804     2.309214275256027e-05                         0          1.63979908881688
    0.4285135012898882       0.2722879326261436   -4.121817950050841e-06                   0.1762       0.7186559605166178        3.815624997680505       0.2347779510614149     2.179889823242364e-05                         0         1.573751348917708
    0.4296285037439917       0.2847404417759187   -4.121817950050841e-06                   0.1745       0.7212334621396258        3.862499997979854       0.2321709483755886     2.049322608599095e-05                         0         1.508842583227247
    0.4319075229572061        0.298857565880907   -4.121817950050841e-06                   0.1728       0.7212072352952592         3.89999999824991       0.2289144727646862     1.917308030014296e-05                         0         1.445195210830421
    0.4356928218342774       0.3150293357994899   -4.121817950050841e-06                   0.1711       0.7177033644518943        3.946874998508734       0.2248426544187166     1.783684246270308e-05                         0         1.383023014992102
    0.4414593499256618       0.3337559141525919   -4.121817950050841e-06                   0.1694       0.7095723999627092        3.993749998746679        0.219738368000447     1.648406334377605e-05                         0         1.322701205221424
    0.4498618541109897       0.3556514122514056   -4.121817950050841e-06                   0.1677       0.6953554821274035        4.031249998957844       0.2133331097286059     1.511865641983178e-05                         0         1.264895452646868
    0.4617544034151551       0.3813677638184352   -4.121817950050841e-06                    0.166       0.6733965142177335        4.078124999151512       0.2053245915924801      1.37522353328189e-05                         0         1.210785093014662
    0.4780488601676977       0.4112762781845886   -4.121817950050841e-06                   0.1643       0.6424229691572032        4.115624999314968       0.1955083990120356      1.24152025730038e-05                         0         1.162354566738989
    0.4991236927744179       0.4447008792622049   -4.121817950050841e-06                   0.1626       0.6030397350563941        4.143749999446052       0.1840771751360816      1.11667774416032e-05                         0         1.122380719311429
    0.5238303630536677       0.4791746322811578   -4.121817950050841e-06                   0.1609       0.5593370371890236         4.17187499954508       0.1719609817044664     1.008510320987097e-05                         0         1.093193019273106
    0.5495408181943604       0.5114004878036189   -4.121817950050841e-06                   0.1592       0.5173695356495966        4.199999999614348       0.1604786548817894     9.217727534118081e-06                         0         1.074580160300337
     0.573909896490683       0.5394483308102543   -4.121817950050841e-06                   0.1575       0.4810431012862258        4.237499999662329       0.1504594602485712     8.550330687131833e-06                         0         1.063882977623716
    0.5959350056792695       0.5631867605474191   -4.121817950050841e-06                   0.1558       0.4510417310480835        4.265624999694728       0.1420192447433731     8.036238510271613e-06                         0         1.058148108923198
    0.6155499664061171       0.5832909661634591   -4.121817950050841e-06                   0.1541        0.426491754152621         4.30312499971873       0.1349332721335273     7.630486461788749e-06                         0         1.055305159992853
    0.6330330937348387       0.6005283362684143   -4.121817950050841e-06                   0.1524       0.4062527877409324        4.340624999736818       0.1289246142059395     7.300790442099489e-06                         0         1.054126933677704
    0.6487192234574813       0.6155324644493008   -4.121817950050841e-06                   0.1507       0.3893545901824201        4.387499999751386       0.1237570212265471      7.02556987080967e-06                         0         1.053915529864533
    0.6629071835116149       0.6287828243281951   -4.121817950050841e-06                    0.149       0.3750574822788715        4.434374999763143       0.1192516973761386     6.790457529675021e-06                         0         1.054270501393642
    0.6758420282031473        0.640635135119344   -4.121817950050841e-06                   0.1473       0.3628132048466357        4.471874999772628       0.1152733599161752     6.585821967019945e-06                         0         1.054956231891742
    0.6877197074017823       0.6513544386275626   -4.121817950050841e-06                   0.1456        0.352215201865727        4.518749999780934       0.1117212204355761     6.404943220705461e-06                         0         1.055830230941466
    0.6986963946364617       0.6611408221351184   -4.121817950050841e-06                   0.1439       0.3429586351379245        4.565624999788104       0.1085189686566538     6.243056430015971e-06                         0          1.05680419541863
    0.7088972634250386       0.6701477569207377   -4.121817950050841e-06                   0.1422       0.3348115464462564        4.621874999794541       0.1056090110081185      6.09662319859561e-06                         0         1.057822332555731
    0.7184235658327399       0.6784948773616457   -4.121817950050841e-06                   0.1405       0.3275946898339752        4.668749999800084       0.1029445601196339     5.963127112822572e-06                         0         1.058848916566089
    0.7273580578359377       0.6862768905308821   -4.121817950050841e-06                   0.1388       0.3211674719507823        4.715624999805051       0.1004903055255583     5.840485228351838e-06                         0         1.059860921777543
    0.7357690906698809       0.6935698502459318   -4.121817950050841e-06                   0.1371       0.3154180725392884        4.771874999809631      0.09821735428866551     5.727161051783953e-06                         0         1.060843533445456
    0.7437136910657104       0.7004356364218931   -4.121817950050841e-06                   0.1354       0.3102564141221472        4.828124999813778      0.09610181818996089     5.621928300205976e-06                         0         1.061787339691446
    0.7512398919137875       0.7069252014310154   -4.121817950050841e-06                   0.1337       0.3056090873826645        4.874999999817492      0.09412375034168058     5.523794229284073e-06                         0         1.062686533664942
    0.7583885101369513       0.7130809585036439   -4.121817950050841e-06                    0.132       0.3014156346896708         4.93124999982096      0.09226781269798523     5.431947402908858e-06                         0         1.063537738664746
    0.7651945157871518       0.7189385645921977   -4.121817950050841e-06                   0.1303       0.2976257888677424        4.987499999824149      0.09051964636202414     5.345754969176546e-06                         0         1.064339226503576
    0.7716880968555323        0.724528269621637   -4.121817950050841e-06                   0.1286       0.2941973945018528         5.04374999982709      0.08886812186493026     5.264649971423198e-06                         0         1.065090389382096
    0.7778954956480317       0.7298759508118805   -4.121817950050841e-06                   0.1269       0.2910948225935162        5.109374999829834      0.08730355477931656     5.188143424634871e-06                         0         1.065791378297203
    0.7838396720683308       0.7350039151515642   -4.121817950050841e-06                   0.1252       0.2882877468128177        5.165624999832351      0.08581741350528105     5.115895550286139e-06                         0         1.066442852702474
    0.7895408344861877       0.7399315289833356   -4.121817950050841e-06                   0.1235       0.2857501891369569        5.231249999834696      0.08440222841599437     5.047530936556658e-06                         0         1.067045805608617
    0.7950168683527137       0.7446757171085749   -4.121817950050841e-06                   0.1218       0.2834597668527837        5.287499999836865      0.08305133015292249     4.982779697075172e-06                         0         1.067601440520082
     0.800283685124821        0.749251362298805   -4.121817950050841e-06                   0.1201       0.2813970935728688        5.353124999838881      0.08175909869792025     4.921400946174876e-06                         0         1.068111084405445
    0.8053555085372107       0.7536716279880876   -4.121817950050841e-06                   0.1184       0.2795452979290425        5.418749999840746      0.08052096252345037     4.863157773752363e-06                         0         1.068576125970409
    0.8102451112020014       0.7579482211272228   -4.121817950050841e-06                   0.1167       0.2778896337261728        5.484374999842474      0.07933207512616552     4.807901808509478e-06                         0         1.068997971851986
     0.814964011514402       0.7620916079999178   -4.121817950050841e-06                    0.115       0.2764171617277103        5.549999999844071      0.07818843334782527     4.755425624415173e-06                         0          1.06937801559682
    0.8195226385984316        0.766111192745324   -4.121817950050841e-06                   0.1133         0.27511648795616        5.615624999845546      0.07708663873826749     4.705624227289865e-06                         0         1.069717615811066
    0.8239304713382172       0.7700154660782962   -4.121817950050841e-06                   0.1116       0.2739775468681228        5.690624999846881      0.07602353553878632     4.658350531596372e-06                         0         1.070018080916631
    0.8281961562561682       0.7738121300168455   -4.121817950050841e-06                   0.1099       0.2729914206160048        5.765624999848096      0.07499617999542812     4.613488066823502e-06                         0         1.070280658677309
    0.8323276080155436       0.7775082031604834   -4.121817950050841e-06                   0.1082       0.2721501872818838        5.831249999849231      0.07400181333871531     4.570954266851378e-06                         0         1.070506529169381
    0.8363320955667224       0.7811101101022581   -4.121817950050841e-06                   0.1065       0.2714467929184006         5.90624999985023      0.07303783787782719     4.530661131770035e-06                         0         1.070696800234098
    0.8402163163665454        0.784623757821181   -4.121817950050841e-06                   0.1048       0.2708749424144554        5.981249999851122      0.07210228689301368     4.492522684959204e-06                         0          1.07085250470847
    0.8439864606364413       0.7880546013316354   -4.121817950050841e-06                   0.1031       0.2704290068226735        6.065624999851875      0.07119288652586364      4.45647262167456e-06                         0         1.070974598917521
      0.84764826726326       0.7914077004263022   -4.121817950050841e-06                   0.1014       0.2701039429346703        6.140624999852562      0.07030798095347573     4.422450377173067e-06                         0         1.071063962046692
    0.8512070726544883       0.7946877689995869   -4.121817950050841e-06      0.09970000000000001       0.2698952243492586         6.22499999985311      0.06944549518525206     4.390404689639246e-06                         0          1.07112139611188
    0.8546678536318769       0.7978992181681701   -4.121817950050841e-06                    0.098        0.269798780718646        6.309374999853556      0.06860385737714059     4.360299273723556e-06                         0         1.071147626317038
    0.8580352652589378       0.8010461941850199   -4.121817950050841e-06                   0.0963       0.2698109450837627          6.3937499998539      0.06778150387361498     4.332069888791718e-06                         0         1.071143301643018
    0.8613136743511464       0.8041326119729751   -4.121817950050841e-06                   0.0946       0.2699284069587233        6.478124999854144      0.06697687496398247     4.305708992845177e-06                         0         1.071108995550695
    0.8645071892943005       0.8071621849631354   -4.121817950050841e-06      0.09290000000000001       0.2701481704926268        6.571874999854239      0.06618861991011804     4.281167527178505e-06                         0         1.071045206710691
    0.8676196866981711       0.8101384518114751   -4.121817950050841e-06                   0.0912       0.2704675168213392        6.665624999854227      0.06541547580523083     4.258423382963741e-06                         0         1.070952359694292
     0.870654835330855        0.813064800476052   -4.121817950050841e-06                   0.0895       0.2708839702894465         6.75937499985411      0.06465600309840996      4.23745821004281e-06                         0         1.070830805575782
    0.8736161177147341       0.8159444900649329   -4.121817950050841e-06                   0.0878       0.2713952666035291        6.853124999853885      0.06390894868221125      4.21825438069308e-06                         0         1.070680822408966
    0.8765068497062058       0.8187806708013554   -4.121817950050841e-06      0.08610000000000001       0.2719993240049549        6.956249999853497      0.06317319073049732     4.200798703101785e-06                         0          1.07050261554933
    0.8793301983399264       0.8215764024071078   -4.121817950050841e-06                   0.0844       0.2726942154513312        7.059374999852994      0.06244753080336818     4.185087509951875e-06                         0         1.070296317799927
     0.882089198177043       0.8243346711614149   -4.121817950050841e-06                   0.0827        0.273478142368968        7.162499999852371      0.06173069420763211     4.171105321151117e-06                         0         1.070061989363865
    0.8847867663679537       0.8270584058618093   -4.121817950050841e-06                    0.081       0.2743494090081246        7.265624999851625       0.0610217914305038     4.158852809334501e-06                         0         1.069799617589738
    0.8874257166120115       0.8297504928844573   -4.121817950050841e-06      0.07930000000000001       0.2753063970458584        7.378124999850697      0.06031945155632217     4.148335492390027e-06                         0         1.069509116498731
    0.8900087721766436       0.8324137905209139   -4.121817950050841e-06                   0.0776       0.2763475402149203        7.490624999849634      0.05962270213316828     4.139551610643811e-06                         0         1.069190326083816
    0.8925385781184979        0.835051142748684   -4.121817950050841e-06                   0.0759       0.2774712982760403        7.612499999848372      0.05893043011667216     4.132516257780182e-06                         0         1.068843011372349
    0.8950177128351458       0.8376653925791233   -4.121817950050841e-06      0.07419999999999999       0.2786761299478493         7.73437499984696      0.05824138428160713     4.127235732730068e-06                         0         1.068466861244223
    0.8974486990629821       0.8402593951144135   -4.121817950050841e-06      0.07250000000000001       0.2799604648197455        7.856249999845391      0.05755465889188383     4.123725371783279e-06                         0         1.068061486997615
    0.8998340144275406       0.8428360304367857   -4.121817950050841e-06                   0.0708       0.2813226727735549        7.987499999843595      0.05686892805377997     4.122003624916397e-06                         0         1.067626420654691
    0.9021761016424105       0.8453982164450009   -4.121817950050841e-06      0.06909999999999999       0.2827610314706057        8.118749999841624      0.05618305530445089     4.121817950050841e-06                         0         1.067161112998938
    0.9044773784493038       0.8479489217506677   -4.121817950050841e-06      0.06740000000000002       0.2842736904468489          8.2593749998394      0.05549593051005048     4.121817950050841e-06                         0         1.066664931335894
     0.906740247382653       0.8504911787404601   -4.121817950050841e-06      0.06570000000000001       0.2858586317186373        8.399999999836973       0.0548062368064241     4.121817950050841e-06                         0         1.066137156968022
    0.9089671054433242       0.8530280969133274   -4.121817950050841e-06                    0.064       0.2875136258225571        8.549999999834265      0.05411281348077157     4.121817950050841e-06                         0         1.065576982374158
    0.9111603537594177       0.8555628765980891   -4.121817950050841e-06      0.06229999999999999       0.2892361823988893        8.699999999831324      0.05341423217522634     4.121817950050841e-06                         0         1.064983508083259
    0.9133224073132112       0.8580988231609963   -4.121817950050841e-06      0.06059999999999999       0.2910234944719817        8.859374999828066      0.05270925488920675     4.121817950050841e-06                         0          1.06435573923115
    0.9154557048122414       0.8606393618148942   -4.121817950050841e-06      0.05890000000000001       0.2928723751973124        9.028124999824465      0.05199637266367835     4.121817950050841e-06                         0         1.063692581788632
    0.9175627187846156       0.8631880531476732   -4.121817950050841e-06                   0.0572       0.2947791851625094        9.196874999820572       0.0512741659064852     4.121817950050841e-06                         0         1.062992838448239
    0.9196459659786681       0.8657486094920557   -4.121817950050841e-06      0.05549999999999999       0.2967397494862652        9.374999999816282      0.05054103081302752     4.121817950050841e-06                         0         1.062255204156262
    0.9217080181527258       0.8683249122691036   -4.121817950050841e-06      0.05380000000000001       0.2987492617235371        9.562499999811571       0.0497953807892807     4.121817950050841e-06                         0         1.061478261275856
    0.9237515133433614       0.8709210304457993   -4.121817950050841e-06      0.05210000000000001       0.3008021726614355        9.759374999806401      0.04903540351829189     4.121817950050841e-06                         0         1.060660474366534
    0.9257791677066302         0.87354124025955   -4.121817950050841e-06                   0.0504       0.3028920610092606        9.956249999800811       0.0482593415021243     4.121817950050841e-06                         0         1.059800184564279
    0.9277937880345902       0.8761900463766829   -4.121817950050841e-06      0.04869999999999999       0.3050114820233903         10.1718749997946      0.04746523746880299     4.121817950050841e-06                         0          1.05889560354644
    0.9297982850554513        0.878872204666342   -4.121817950050841e-06      0.04699999999999999       0.3071517907493383        10.39687499978779      0.04665096880333297     4.121817950050841e-06                         0         1.057944807064588
    0.9317956876402435       0.8815927467940572   -4.121817950050841e-06      0.04530000000000001       0.3093029324960905        10.63124999978034      0.04581435315869614     4.121817950050841e-06                         0         1.056945728028439
    0.9337891580445847       0.8843570068554816   -4.121817950050841e-06                   0.0436       0.3114531964549235        10.88437499977208      0.04495301874685015     4.121817950050841e-06                         0         1.055896149123468
    0.9357820083347017       0.8871706503023021   -4.121817950050841e-06      0.04189999999999999       0.3135889216510849        11.14687499976302      0.04406444389163033     4.121817950050841e-06                         0         1.054793694944925
    0.9377777181575663       0.8900397054365853   -4.121817950050841e-06      0.04020000000000001       0.3156941469631491          11.428124999753      0.04314595227557744     4.121817950050841e-06                         0         1.053635823630814
     0.939779954038969       0.8929705977882478   -4.121817950050841e-06      0.03850000000000001       0.3177501901755404        11.72812499974189      0.04219456465460913     4.121817950050841e-06                         0         1.052419817976962
     0.941792590411517       0.8959701877261678   -4.121817950050841e-06                   0.0368       0.3197351407981021        12.03749999972969      0.04120716780931521     4.121817950050841e-06                         0         1.051142776017624
    0.9438197326032515       0.8990458117016805   -4.121817950050841e-06      0.03509999999999999       0.3216232442155257        12.38437499971594      0.04018036972534628     4.121817950050841e-06                         0         1.049801601056015
    0.9458657420474624       0.9022053275759883   -4.121817950050841e-06      0.03339999999999999       0.3233841490744459         12.7406249997008      0.03911050663631122     4.121817950050841e-06                         0         1.048392991130451
    0.9479352640084745       0.9054571645439029   -4.121817950050841e-06      0.03170000000000001       0.3249819812631131        13.13437499968373      0.03799360178582445     4.121817950050841e-06                         0         1.046913427903132
    0.9500332581608917       0.9088103782396757   -4.121817950050841e-06                     0.03       0.3263741952378377        13.55624999966462      0.03682537483984766     4.121817950050841e-06                         0          1.04535916496087
    0.5760259604497108      0.05612704341039165   -4.121817950050841e-06                      0.3       0.4364035036501022        3.356249664532583       0.2603203072182131     0.0002384479911001291                         0         10.26289512888916
    0.5767154985803468      0.05751560823442615   -4.121817950050841e-06                    0.298       0.4352650029527103        3.356249689615773       0.2602258307304225     0.0002292521592405416                         0          10.0271129220339
    0.5773376447320531      0.05893561631008895   -4.121817950050841e-06                    0.296       0.4341948700272314        3.346874712635042       0.2601192690203097     0.0002204397456466673                         0         9.796073763954018
    0.5778854270329624      0.06038724517281363   -4.121817950050841e-06                    0.294       0.4332009428111352        3.346874734024707       0.2600008971516352     0.0002119898837874952                         0         9.569660370245934
     0.578351821187451      0.06187064078699644   -4.121817950050841e-06                    0.292       0.4322911649186089        3.337499753662053       0.2598706449807422      0.000203893941880758                         0         9.347758707464601
    0.5787297973793339      0.06338591999604563   -4.121817950050841e-06                     0.29       0.4314735556913336        3.337499771901344       0.2597281471124572     0.0001961359859085072                         0         9.130257908712618
    0.5790123696699296      0.06493317374879298   -4.121817950050841e-06                    0.288       0.4307561803411846        3.328124788653426       0.2595727811090315     0.0001887012643152571                         0         8.917050194951589
    0.5791926472427068      0.06651247112077086   -4.121817950050841e-06                    0.286       0.4301471208214808        3.328124804207851       0.2594036960061589     0.0001815825908062748                         0         8.708030801570882
    0.5792638867746643       0.0681238641367785   -4.121817950050841e-06                    0.284       0.4296544476242922        3.318749818500388        0.259219832722186     0.0001747626517936006                         0         8.503097909671986
    0.5792195451715798      0.06976739339031547   -4.121817950050841e-06                    0.282       0.4292861931544171        3.309374831706614       0.2590292307957576     0.0001682296700724501                         0         8.302152581459925
    0.5790533318789527       0.0714430944450212   -4.121817950050841e-06                     0.28       0.4290503269935814        3.309374843966141        0.258825609217639      0.000161974828649351                         0         8.105098699079015
    0.5787592599779019      0.07315100499411546   -4.121817950050841e-06                    0.278       0.4289547337664866        3.299999855238631       0.2586047396859643     0.0001559852470838802                         0         7.911842906191715
    0.5783316952968991      0.07489117274660381   -4.121817950050841e-06                    0.276       0.4290071932867011        3.299999865703526       0.2583647656172676     0.0001502489775357833                         0         7.722294551579662
    0.5777654028151988      0.07666366400412779   -4.121817950050841e-06                    0.274       0.4292153639480213        3.290624875330727       0.2581036548864447     0.0001447555524865238                         0         7.536365634047112
    0.5770555896948619      0.07846857288943017   -4.121817950050841e-06                    0.272       0.4295867692007632        3.281249884231582       0.2578400885873361     0.0001394947435365504                         0         7.353970747928294
    0.5761979443650453      0.08030603118826662   -4.121817950050841e-06                     0.27       0.4301287870549656        3.281249892498372       0.2575533406311827     0.0001344565580486667                         0         7.175027028542413
    0.5751886711753669      0.08217621876933533   -4.121817950050841e-06                    0.268       0.4308486431427462        3.271874900108843        0.257241742749608     0.0001296314932221248                         0         6.999454097002094
    0.5740245202463354      0.08407937455348707   -4.121817950050841e-06                    0.266       0.4317534065437797        3.262499907149619        0.256925689381333     0.0001250095092678915                         0         6.827174003857947
    0.5727028122588456      0.08601580801263119   -4.121817950050841e-06                    0.264       0.4328499892517956        3.262499913694732       0.2565785032954219     0.0001205813006964963                         0         6.658111171154623
    0.5712214580451214       0.0879859111913788   -4.121817950050841e-06                    0.262       0.4341451481159639        3.253124919724253       0.2562232020837508     0.0001163383140177188                         0         6.492192332573414
     0.569578972961936      0.08999017125983601   -4.121817950050841e-06                     0.26       0.4356454896481863        3.243749925307132       0.2558364866176416     0.0001122714417467661                         0         6.329346471443809
    0.5677744861424904      0.09202918362439765   -4.121817950050841e-06                    0.258        0.437357477205555         3.24374993050429       0.2554418032800919      0.000108372055617668                         0         6.169504756512993
    0.5658077448316498      0.09410366564461638   -4.121817950050841e-06                    0.256       0.4392874400601673        3.234374935294682       0.2550200012828341     0.0001046317436043957                         0          6.01260047546697
    0.5636791141115582      0.09621447102884735   -4.121817950050841e-06                    0.254       0.4414415843420419        3.234374939759533       0.2545730706908941     0.0001010425696509682                         0         5.858568966294436
    0.5613895724121433      0.09836260500837118   -4.121817950050841e-06                    0.252       0.4438260048405488        3.224999943876131       0.2541113813651918     9.759937809905074e-05                         0         5.707347546671667
    0.5589407032817755       0.1005492404207353   -4.121817950050841e-06                     0.25       0.4464466980236633        3.224999947718583       0.2536261189549076     9.429166988452865e-05                         0         5.558875441621678
    0.5563346839599164       0.1027757348674007   -4.121817950050841e-06                    0.248       0.4493095746690651        3.215624951261905       0.2531164414949602     9.111470966192835e-05                         0         5.413093709761427
    0.5535742713495676       0.1050436491495208   -4.121817950050841e-06                    0.246       0.4524204725587857        3.215624954574916       0.2525825215721772      8.80600214478376e-05                         0         5.269945168495473
    0.5506627860336084       0.1073547672296132   -4.121817950050841e-06                    0.244       0.4557851680626114        3.206249957630013       0.2520238025043208     8.512328212853159e-05                         0          5.12937431854416
    0.5476040950148415       0.1097111180166781   -4.121817950050841e-06                    0.242       0.4594093857715122        3.206249960492145       0.2514390091114318     8.229615025073546e-05                         0         4.991327268208437
    0.5444025938917484       0.1121149993302991   -4.121817950050841e-06                     0.24       0.4632988062392521         3.20624996315437       0.2508268841338607     7.957323354181602e-05                         0         4.855751657773519
    0.5410631892062094       0.1145690044660187   -4.121817950050841e-06                    0.238       0.4674590697029463         3.20624996563196       0.2501943150315922     7.695018217179441e-05                         0         4.722596584441092
    0.5375912817260513       0.1170760518635187   -4.121817950050841e-06                    0.236        0.471895776085995        3.206249967938935       0.2495298423337401     7.442032505380663e-05                         0         4.591812528157175
    0.5339927514517407       0.1196394184727765   -4.121817950050841e-06                    0.234       0.4766144791032664        3.206249970088169       0.2488386029664856     7.197840310612099e-05                         0         4.463351278671554
    0.5302739451722513       0.1222627775263133   -4.121817950050841e-06                    0.232        0.481620673615147        3.206249972091488       0.2481152110785106     6.961937254740472e-05                         0         4.337165864128963
    0.5264416674403095       0.1249502415619816   -4.121817950050841e-06                     0.23       0.4869197748130603        3.206249973959753       0.2473670961662971     6.733876377657145e-05                         0         4.213210481452846
    0.5225031759039049       0.1277064117081892   -4.121817950050841e-06                    0.228        0.492517086387596        3.206249975702942       0.2465870893363307     6.513237026086819e-05                         0         4.091440428744971
    0.5184661820168227        0.130536434448304   -4.121817950050841e-06                    0.226       0.4984177565643474         3.21562497735392       0.2457757179796418     6.299463067431757e-05                         0         3.971812039889294
    0.5143388582772708        0.133446067336785   -4.121817950050841e-06                    0.224       0.5046267176817106        3.215624978873851       0.2449344922629292      6.09214748256082e-05                         0         3.854282621522461
    0.5101298533105175       0.1364417554581018   -4.121817950050841e-06                    0.222       0.5111486072271841        3.224999980317794       0.2440651432558056     5.890988925515718e-05                         0         3.738810392518244
    0.5058483163388504       0.1395307208205294   -4.121817950050841e-06                     0.22        0.517987664179421        3.234374981669177       0.2431672130932803     5.695471400118355e-05                         0          3.62535442613685
    0.5015039328888338       0.1427210673853202   -4.121817950050841e-06                    0.218       0.5251475963566731        3.243749982934542       0.2422445790829081     5.505215643087156e-05                         0         3.513874595017188
    0.4971069739950512       0.1460219050800996   -4.121817950050841e-06                    0.216       0.5326314108739467          3.2531249841199       0.2413056136479484     5.320003853202323e-05                         0         3.404331519252581
    0.4926683617057706       0.1494434969783896   -4.121817950050841e-06                    0.214       0.5404411988486879        3.262499985230779       0.2403637287807283     5.139352980445577e-05                         0         3.296686517899924
    0.4881997544292282       0.1529974349065842   -4.121817950050841e-06                    0.212       0.5485778622266333        3.271874986272265       0.2401199769212666     4.962936756330519e-05                         0          3.19090156444962
    0.4837136566372648       0.1566968501468536   -4.121817950050841e-06                     0.21       0.5570407690435081         3.29062498727201       0.2405713787118259     4.790421105132648e-05                         0         3.086939247056809
    0.4792235587707208       0.1605566677590116   -4.121817950050841e-06                    0.208        0.565827315347453        3.309374988210901       0.2410255542121761     4.621537818286469e-05                         0         2.984762734746824
    0.4747441149820946       0.1645939155035549   -4.121817950050841e-06                    0.206       0.5749323709688312        3.318749989070563       0.2414645442182642     4.455963983797091e-05                         0         2.884335751424611
    0.4702913688149761       0.1688281016480929   -4.121817950050841e-06                    0.204       0.5843475738047451        3.337499989899592       0.2418791674899421     4.293289069666305e-05                         0         2.785622560438969
    0.4658830403162036        0.173281680404492   -4.121817950050841e-06                    0.202       0.5940604289047624        3.365624990700251         0.24225596516197     4.133398432541578e-05                         0         2.688587963834311
     0.461538892833291       0.1779806298576333   -4.121817950050841e-06                      0.2       0.6040531529551699        3.384374991432112        0.242583023189132     3.975830006668175e-05                         0         2.593197322512184