# AuxiliaryInfo.dat
    0.8477090218763995       0.6683006501233346       0.1020760880244369      0.08021289919139031       0.6082271856757887          8.8209700109373       0.1159042621692123        0.1020760880244369        0.6272469884002122                         0         1.223029463883356
    0.8463666532480792       0.6649999559649762       0.1045814174558514      0.08109332690308264       0.6077233375817803         8.83892684485707       0.1165105191962599        0.1045814174558514        0.6266682950184462                         0         1.224931877791132
    0.8450266398309607       0.6617262872814997       0.1069759972884117      0.08197375461477496       0.6072531635318551        8.866316824953284       0.1171190813851294        0.1069759972884117        0.6261285158803918                         0         1.226865597433928
    0.8436893072733742       0.6584796500110476       0.1092664534001885       0.0828541823264673       0.6068146002099429        8.893740110373734       0.1177300784932373        0.1092664534001885        0.6256253317504895                         0         1.228831401744553
    0.8423549769001117       0.6552600280289946       0.1114585846205582      0.08373461003815963       0.6064056516846368        8.930597924683326       0.1183432017152499        0.1114585846205582        0.6251564921695676                         0          1.23083008873602
    0.8410239657987967       0.6520673841693666       0.1135574969183689      0.08461503774985195        0.606024386204014        8.958086010965459       0.1189587055565178        0.1135574969183689        0.6247198120246659                         0         1.232862476089455
    0.8396965860890624       0.6489016604660316       0.1155677123201449      0.08549546546154428       0.6056689385749884        8.985604970741106       0.1195763723540559        0.1155677123201449        0.6243131752250393                         0         1.234929400148133
    0.8383731492174041       0.6457627827515666       0.1174932465104278       0.0863758931732366         0.60533747950807        9.022557967462628       0.1201961257572756        0.1174932465104278        0.6239344962263479                         0         1.237031724542923
    0.8370539570184152       0.6426506536300103       0.1193376980653201      0.08725632088492893       0.6050282728017511        9.059541469070565       0.1208183001899366        0.1193376980653201        0.6235817937146283                         0         1.239170323744384
    0.8357393137239774       0.6395651635838178       0.1211042822445378      0.08813674859662127        0.604739593478347        9.096554720789316       0.1214424481409523        0.1211042822445378        0.6232530868972371                         0          1.24134610592878
    0.8344295143780657       0.6365061817961427       0.1227959015931674      0.08901717630831359       0.6044698040731814        9.133596999218492       0.1220686603973916        0.1227959015931674        0.6229464927293236                         0         1.243559992349707
    0.8331248552485919       0.6334735654735697        0.124415166982237      0.08989760402000592       0.6042172824977927        9.170667620168272        0.122697282123563         0.124415166982237        0.6226601354848658                         0         1.245812936443217
     0.831825625925952       0.6304671538982378       0.1259644456432936      0.09077803173169825       0.6039804744813573        9.207765928531792       0.1233279144838502        0.1259644456432936        0.6223922132508433                         0         1.248105910371206
    0.8305321152155208        0.627486773717418        0.127445879971768      0.09165845944339057       0.6037578521660734        9.244891301280987       0.1239605788713394         0.127445879971768        0.6221409464914178                         0         1.250439915590075
    0.8292446056029109       0.6245322353225403       0.1288614180167051      0.09253888715508291       0.6035479531406867         9.29144949031347       0.1245952961081068        0.1288614180167051         0.621904625070766                         0         1.252815976646339
    0.8279633812993925       0.6216033389693497       0.1302128279602571      0.09341931486677524       0.6033493191074426        9.328627457754711        0.125232308753868        0.1302128279602571        0.6216815375738738                         0          1.25523514972786
    0.8266887207634342       0.6186998699705337        0.131501721271434      0.09429974257846756       0.6031605523210634        9.365830750303173       0.1258714791864556         0.131501721271434        0.6214700360575188                         0         1.257698516663103
    0.8254209009607438       0.6158216020266801       0.1327295650601555      0.09518017029015989       0.6029802824499871        9.403058847971936       0.1265127370282322        0.1327295650601555        0.6212684984396891                         0         1.260207189661943
    0.8241601959406601       0.6129682965935106       0.1338976961271096      0.09606059800185221       0.6028071773751952        9.449718249314488       0.1271561042691056        0.1338976961271096        0.6210753410901759                         0         1.262762311170873
    0.8229068786570275       0.6101397043567431       0.1350073317671796      0.09694102571354454       0.6026399288342168        9.486994590015616       0.1278016035031493        0.1350073317671796        0.6208890021134288                         0          1.26536505608251
     0.821661219525314       0.6073355645386498       0.1360595803674055      0.09782145342523688       0.6024772634662328        9.514887087118444       0.1284492582100806        0.1360595803674055        0.6207079547184775                         0         1.268016631878857
    0.8204234875484666       0.6045556058359363       0.1370554497437427       0.0987018811369292       0.6023179342571779        9.552209616038539       0.1290990928871454        0.1370554497437427        0.6205306971229352                         0         1.270718280500245
    0.8191939499195572       0.6017995463374582       0.1379958549169305      0.09958230884862153       0.6021607237342506        9.589554646598652       0.1297511332696311        0.1379958549169305        0.6203557566324837                         0         1.273471279340262
    0.8179728730782971       0.5990670943095979       0.1388816246671341       0.1004627365603138       0.6020044358721394        9.617514424058619       0.1304054064095335        0.1388816246671341        0.6201816801701315                         0         1.276276942991674
    0.8167605221332228       0.5963579479330976       0.1397135074883702       0.1013431642720062       0.6018479010179143        9.645495865607355       0.1310619409197186        0.1397135074883702        0.6200070404033339                         0         1.279136624388647
    0.8155571614098939       0.5936717956913988       0.1404921767616389       0.1022235919836985       0.6016899719385854        9.673498658986107          0.1317207670781        0.1404921767616389        0.6198304312141473                         0         1.282051716396971
    0.8143630546724807       0.5910083165228968       0.1412182352834099       0.1031040196953908       0.6015295226985381        9.701522501710565       0.1323819169738395        0.1412182352834099        0.6196504664440456                         0         1.285023653413699
    0.8131784652429566       0.5883671798707495       0.1418922192996522       0.1039844474070832        0.601365448380261        9.729567100336443        0.133045424651097        0.1418922192996522        0.6194657796627747                         0         1.288053912954287
    0.8120036564989592       0.5857480459213474       0.1425146020385169       0.1048648751187755       0.6011966615278086        9.748224732105268       0.1337113262015782        0.1425146020385169        0.6192750204202506                         0         1.291144017444014
    0.8108388916542189       0.5831505653771771       0.1430857968455826       0.1057453028304678       0.6010220949494172        9.766902612260225       0.1343796599404722        0.1430857968455826        0.6190768574505612                         0         1.294295535848853
    0.8096844345153413       0.5805743797712346       0.1436061599289504       0.1066257305421602       0.6008406964222431        9.776193034133703       0.1350504664505139        0.1436061599289504         0.618869972579657                         0         1.297510085676525
    0.8085405492343902       0.5780191211496364       0.1440759927752986       0.1075061582538525       0.6006514315773366        9.785503298307395       0.1357237887516607        0.1440759927752986        0.6186530643820043                         0         1.300789334758284
    0.8074075009089479       0.5754844122152494         0.14449554427701       0.1083865859655448       0.6004532800462251        9.794833270673745       0.1363996723502336          0.14449554427701        0.6184248437326495                         0         1.304135003340723
    0.8062855556680563       0.5729698661310419       0.1448650125834328       0.1092670136772371       0.6002452358318191        9.804182819485865       0.1370781653514231        0.1448658040926494        0.6181840344050172                         0         1.307548866115283
    0.8051749809590537       0.5704750864030994       0.1451845467137433       0.1101474413889295        0.600026306237648        9.804144236524827       0.1377593185377658        0.1451974140709887         0.617929371787595                         0         1.311032754381729
     0.804076045728763         0.56799966666422       0.1454542479508517       0.1110278691006218       0.5997955113906029        9.804125002646263       0.1384431854549434        0.1454937347984126        0.6176596026895838                         0         1.314588558260485
    0.8029890207837206        0.565543190521836       0.1456741710633218       0.1119082968123141       0.5995518827048388        9.804125052315108       0.1391298224607775        0.1457548234341748        0.6173734834567518                         0          1.31821822900614
    0.8019141789073194       0.5631052312301993       0.1458443252325288       0.1127887245240065       0.5992944630531212        9.794736675745114       0.1398192888237718        0.1459806529454138        0.6170697806460204                         0         1.321923781475177
    0.8008517953005522       0.5606853515021969       0.1459646751504921       0.1136691522356988       0.5990223046921931        9.785367466302739       0.1405116466972225        0.1461711448513112        0.6167472681411856                         0         1.325707296339361
    0.7998021475614702        0.558283103032422       0.1460351413076857       0.1145495799473911       0.5987344708275613        9.766609670295729        0.141206961289891        0.1463261996253933         0.616404729760436                         0         1.329570923094244
    0.7987655161989324       0.5558980262702163       0.1460556009746114       0.1154300076590834       0.5984300327094444        9.747870986740772       0.1419053007742238        0.1464457536113732        0.6160409555018564                         0          1.33351688222658
    0.7977421847162299        0.553529649921422       0.1460258884011998       0.1163104353707758       0.5981080704783683        9.729151468917999       0.1426067363846735        0.1465294359309177        0.6156547429611775                         0         1.337547468180184
    0.7967324399126726        0.551177490530314       0.1459457952154857       0.1171908630824681       0.5977676721332065        9.701043240201818       0.1433113424065181        0.1465769795427936        0.6152448962125973                         0         1.341665052047904
    0.7957365721126939       0.5488410519836546       0.1458150705786468       0.1180712907941604       0.5974079333281582         9.67295421641716       0.1440191961918131        0.1465882384728511        0.6148102256188046                         0         1.345872084491179
    0.7947548753847509       0.5465198249703747       0.1456334212470941       0.1189517185058527       0.5970279571853817        9.635476394711651       0.1447303781617199        0.1465626464649065        0.6143495477449219                         0         1.350171098714408
    0.7937876476517105       0.5442132863546495       0.1454005122301757       0.1198321462175451       0.5966268536870374        9.598017870145501       0.1454449716578343        0.1464998793917677        0.6138616853036136                         0         1.354564712487288
    0.7928351917347971       0.5419208989863796       0.1451159646411422       0.1207125739292374       0.5962037363482559        9.560578809142797       0.1461630632463606        0.1463994354687621        0.6133454620280199                         0         1.359055634379302
    0.7918978141443525       0.5396421103077257        0.144779358212638       0.1215930016409297       0.5957577288621391        9.513750960761458       0.1468847422766584        0.1462606288053868        0.6127997128928084                         0         1.363646662564166
    0.7909758252804142        0.537376351692691       0.1443902314458598       0.1224734293526221       0.5952879646395621        9.466942756083103       0.1476101007104341        0.1460833145041339        0.6122232818974128                         0         1.368340687303262
    0.7900695423786737       0.5351230390966313       0.1439480758002598       0.1233538570643144        0.594793573079068        9.420154418216304       0.1483393259204522        0.1458663612443755        0.6116150065243826                         0         1.373140702927298
    0.7891792861596439       0.5328815705177852        0.143452342083851       0.1242342847760067       0.5942736970654767        9.363977414585207       0.1490724167250196        0.1456092111435916        0.6109737391896196                         0         1.378049800005473
    0.7883053828574546        0.530651326145122       0.1429024364268306        0.125114712487699       0.5937274838462614        9.307820549308303       0.1498094652990861        0.1453111912829934        0.6102983360819685                         0         1.383071174218176
    0.7874481639069038       0.5284316672931887       0.1422977203148128       0.1259951401993914       0.5931540878077235        9.242275054603295       0.1505505722143918        0.1449715082875317        0.6095876608245562                         0         1.388208128478082
    0.7866079661113975       0.5262219355844033       0.1416375102748326       0.1268755679110837       0.5925526695744749        9.176750025197675       0.1512958401768993        0.1445892424751999        0.6088405839955353                         0         1.393464075545116
    0.7857851309229752       0.5240214517133778       0.1409210784785096        0.127755995622776       0.5919224008535896        9.111245804039562       0.1520453736631731        0.1441633428617129        0.6080559894592221                         0         1.398842538709893
    0.7849800084347822       0.5218295162075012       0.1401476444556279       0.1286364233344683       0.5912624463543641        9.036353209701129       0.1527992797888333        0.1436926132613462        0.6072327495998739                         0         1.404347167587709
    0.7841929496181833       0.5196454052104559       0.1393163891629494       0.1295168510461607       0.5905720006260979        8.961481853286864       0.1535576658952689        0.1431763609475448        0.6063697769489284                         0         1.409981715188066
    0.7834243119831975       0.5174683720564537       0.1384264439514678        0.130397278757853       0.5898502614538422        8.886632145313426       0.1543206406700395        0.1426130104590566        0.6054659858359142                         0         1.415750057835025
     0.782674461299447       0.5152976468909246       0.1374768842025806       0.1312777064695453       0.5890964241558869        8.802394451961378       0.1550883147788413         0.142001642382559        0.6045202884583636                         0         1.421656206466261
    0.7819437655777993       0.5131324335047982       0.1364667417221447       0.1321581341812377       0.5883097081163456        8.718178953626389       0.1558607983618625        0.1413404184517977        0.6035316274542268                         0         1.427704285532373
    0.7812325993830688       0.5109719101443209       0.1353949932869941         0.13303856189293       0.5874893384087573        8.633986140462927       0.1566383525079464        0.1406283945553757        0.6024989535214493                         0          1.43389855207644
    0.7805413380712841       0.5088152267526238       0.1342605717175624       0.1339189896046223       0.5866345710034385        8.540405885786901       0.1574209886106149        0.1398638955826309        0.6014212570734645                         0         1.440243375173954
     0.779870366705993       0.5066615073477737       0.1330623438401284       0.1347994173163146       0.5857446537195589        8.446848997154166       0.1582088054321109        0.1390450916231851        0.6002975201401656                         0         1.446743272477598
    0.7792200703091249       0.5045098461036593       0.1317991293985875        0.135679845028007       0.5848188689056415        8.353316051297837        0.159001913198877         0.138170273964498        0.5991267697406534                         0         1.453402874003213
    0.7785908377776767       0.5023593082732735       0.1304696894671097       0.1365602727396993        0.583856515666256        8.250396409963232        0.159800420436762        0.1372375853119277        0.5979080563565156                         0         1.460226938264311
       0.7779830603926        0.500208929357125       0.1290727257114153       0.1374407004513916       0.5828569164366069        8.156912992350756       0.1606044331446808        0.1362450108005844        0.5966404622916595                         0         1.467220347945877
    0.7773971308995292       0.4980577147493952       0.1276068786499155        0.138321128163084       0.5818194193520643        8.054043798594304       0.1614140539646511          0.13519036742723        0.5953231052940926                         0          1.47438810583527
     0.776833442409439       0.4959046394883965       0.1260707247124907       0.1392015558747763       0.5807434023604771         7.94178897701619       0.1622293814650901         0.134071291635603        0.5939551442140129                         0          1.48173533078007
    0.7762923876353389       0.4937486483933375       0.1244627720911825       0.1400819835864686       0.5796282749462263        7.838972650076503       0.1630505094283832        0.1328853993431181        0.5925357812075366                         0         1.489267253613764
    0.7757743570935315        0.491588656232588       0.1227814576858635        0.140962411298161        0.578473483702497        7.736183918456942        0.163877525819399        0.1316304954717059        0.5910642699991295                         0         1.496989208260166
    0.7752797378465541       0.4894235483773541       0.1210251413874218       0.1418428390098533       0.5772785159892937        7.624011388941249       0.1647105119557483        0.1303030626023574        0.5895399202420235                         0         1.504906624321576
    0.7748089121670985       0.4872521818225797       0.1191920989295296       0.1427232667215456       0.5760429024889153        7.511867798210751       0.1655501587425107        0.1288999199743586        0.5879621014702667                         0         1.513025018307224
    0.7743622550537266       0.4850733864055016        0.117280515182006       0.1436036944332379       0.5747662250178629        7.399754015321212       0.1663960191260099        0.1274189799633113        0.5863302536273557                         0         1.521349979153029
    0.7739401326665878       0.4828859667839084       0.1152884732753486       0.1444841221449303       0.5734481188367879         7.28767092870206       0.1672481104715799        0.1258552360701267        0.5846438903050241                         0         1.529887155659875
    0.7735428998250045       0.4806887046215023       0.1132139413963553       0.1453645498566226       0.5720882802337767        7.175619446652205        0.168106479398918        0.1242060726041039        0.5829026088501047                         0         1.538642240835692
    0.7731708979142525       0.4784803617336696       0.1110547568532263       0.1462449775683149       0.5706864689933083        7.063600497132539        0.168971160419236        0.1224662049717051        0.5811060938586714                         0         1.547620953057822
    0.7728244515834309        0.476259683456139        0.108808605903406       0.1471254052800072        0.569242517962619        6.951615028096265       0.1698421895492664        0.1206324419201821        0.5792541300663772                         0         1.556829013931809
    0.7725038658508737       0.4740254030333044       0.1064729979453488       0.1480058329916996       0.5677563385322274        6.839664007717176       0.1707205327621103        0.1186985172300819        0.5773466096350804                         0            1.566272123739
    0.7722094081786063       0.4717762529691713       0.1040453197684907       0.1488862607033919       0.5662279394367362        6.727748373573613       0.1716052637963206        0.1166599997979596        0.5753835585940615                         0          1.57595578289908
    0.7719413651428757        0.469510947247714       0.1015224450815371       0.1497666884150842       0.5646573741730514         6.61586923866586       0.1724963852266044        0.1145106309989402        0.5733650610634834                         0         1.585885864204733
    0.7716999736614675       0.4672282112041385      0.09890104932790034       0.1506471161267766       0.5630448122359569        6.513438573356955       0.1733938612770314        0.1122432270468563        0.5712913607222785                         0         1.596067936128047
    0.7714853884228057       0.4649268059100294      0.09617771198282123       0.1515275438384689       0.5613905814792098        6.401635005512431       0.1742978539336569        0.1098507474761612        0.5691629193195764                         0         1.606506929379445
     0.771297789276801       0.4626054881898184      0.09334817892135529       0.1524079715501612       0.5596950472169551        6.289871007498316       0.1752090208644952        0.1073254216517383         0.566980244945504                         0         1.617208208322253
    0.7711372550475513       0.4602630756409553      0.09040794871404859       0.1532883992618536       0.5579587628668186         6.18755658339681       0.1761262990379003        0.1046576293642839        0.5647441032546826                         0         1.628176309747061
    0.7710039843707585       0.4578983384059863      0.08735074813923289       0.1541688269735459       0.5561822087390972        6.085282568676031       0.1770496724010384        0.1018355732811698        0.5624551550540874                         0          1.63941720227823
    0.7708978866913786       0.4555102303872327      0.08417077977262172       0.1550492546852382       0.5543662691480415        5.983049446374476        0.177978875552062       0.09884757729261659        0.5601146151679857                         0         1.650934061120185
    0.7708189815418286        0.453097681441239      0.08085995222181724       0.1559296823969305       0.5525117703439516         5.88085823252729       0.1789148944271536       0.09567870617134616        0.5577236131927302                         0         1.662731390119749
    0.7707671993554036       0.4506597169418156      0.07740865549726607       0.1568101101086228       0.5506197050382783        5.778709852219247       0.1798567092818251       0.09231148339221749        0.5552835035793207                         0         1.674812945926985
    0.7707424106588282       0.4481954515793757      0.07380495196091016       0.1576905378203152       0.5486912060545546        5.686008311381539       0.1808038293546948       0.08872480565236374        0.5527958289391771                         0         1.687182045670772
     0.770744431877859       0.4457040989691365       0.0700336621681743       0.1585709655320075       0.5467275272832612         5.59334828421149       0.1817559986118056       0.08489266373802901        0.5502622926110555                         0         1.699841595173247
     0.770744431877859       0.4457040989691364       0.0700336621681743       0.1585709655320075       0.5467275272832612         5.59334828421149       0.1817559986118056       0.08489266373802901        0.5502622926110549                         0         1.699841595173247
    0.7707518442516834       0.4447836793089646      0.06860514984549286       0.1588937890262947       0.5459989658757964        5.556249900241023       0.1821068685969517       0.08341983659723154        0.5493222027561134                         0         1.704556699189355
    0.7707628144048436        0.443859497313677      0.06715035805423054       0.1592166125205819       0.5452659329423574        5.519157645789499       0.1824581810521881       0.08190780754284566        0.5483762971527949                         0         1.709311282483594
    0.7707773280861184       0.4429315252794585      0.06566798203868229       0.1595394360148691       0.5445285030190655         5.49147089955965       0.1828099115047994       0.08035447962227814        0.5474246769157074                         0         1.714105450747205
     0.770795369509724       0.4419997398798568      0.06415657667311656       0.1598622595091563       0.5437867470561177        5.454390375925094       0.1831620322898883       0.07875755016615493        0.5464674375558352                         0         1.718939280856532
    0.7708169203131592       0.4410641178590642      0.06261450620006127       0.1601850830034434       0.5430407539487561        5.426713943895562       0.1835151089014973       0.07711444607304438        0.5455046995126241                         0         1.723812855271627
    0.7708419634734703       0.4401246409251483      0.06103993421424013       0.1605079064977306       0.5422905947534844        5.389645278748303       0.1838692486974149       0.07542230609175125        0.5445365585826721                         0         1.728726235724986
     0.770870478674662       0.4391812919431681      0.05943077320365308       0.1608307299920178       0.5415363577097208        5.361979201210494       0.1842237259855455       0.07367791333986963        0.5435631343464187                         0         1.733679477891231
    0.7709024453725258       0.4382340568496158      0.05778464220934815        0.161153553486305       0.5407781283244208        5.324922526879722       0.1845785097802745       0.07187763623151935        0.5425845418547542                         0         1.738672627737497
    0.7709378427283203       0.4372829241059087      0.05609880497557559       0.1614763769805922       0.5400159911586504        5.297266849565102        0.184933568003792       0.07001734386964398         0.541600895245394                         0         1.743705726377983
    0.7709766469727335       0.4363278857084012      0.05437010996470988       0.1617992004748794       0.5392500381937443        5.260222308128381       0.1852892970297109       0.06809232131305071        0.5406123187128038                         0         1.748778791095728
    0.7710188378665705       0.4353689341970438       0.0525948592020495       0.1621220239691666       0.5384803518433078        5.232577084424881       0.1856462296483015       0.06609709534216957        0.5396189228904119                         0         1.753891867250531
    0.7710643873416294       0.4344060684335487      0.05076875536612505       0.1624448474634538        0.537707033431106        5.195544833511639       0.1860033711474118        0.0640253513435268        0.5386208446498302                         0         1.759044933791152
      0.77111327126939       0.4334392884777893      0.04888667585504653       0.1627676709577409       0.5369301709206613        5.167910115111551        0.186360684984698       0.06186978449743984        0.5376182019619892                         0         1.764237994475155
    0.7711654641165211       0.4324685952733841      0.04694246769230699       0.1630904944520281       0.5361498629532735        5.140280172096981       0.1867181346347231       0.05962144266629688        0.5366111277824553                         0         1.769471058961928
    0.7712209371179136       0.4314939969845203      0.04492870357701174       0.1634133179463153       0.5353662047189571        5.103266182080151        0.187076211553927       0.05726960528757066        0.5355997501237545                         0         1.774744082761446
    0.7712796623652243       0.4305155020264492      0.04283620653222624       0.1637361414406025       0.5345792951846005        5.075646825112583       0.1874353662400403       0.05480122652671488        0.5345842017820964                         0         1.780057042180482
    0.7713416110593627        0.429533122305275      0.04065348029883179       0.1640589649348897       0.5337892327913899        5.048032247309429       0.1877945787944706       0.05220008000882723        0.5335646150562435                         0         1.785409900291263
     0.771406752542659       0.4285468733468927      0.03836582310457728       0.1643817884291769       0.5329961199158745        5.011036853396559       0.1881538056321109       0.04944555540945152        0.5325411274029828                         0         1.790802602398007
    0.8477090218763979       0.6683006501233335       0.1020760880244369      0.08021289919139031       0.6082271856757887          8.8209700109373       0.1159042621692125        0.1020760880244369        0.6272469884002225                         0         1.223029463883356
    0.8487376795012274       0.6708448036307564       0.1000793287025212      0.07953913588501063       0.6086368349352833        8.802838537598452       0.1154419199179992        0.1000793287025212        0.6277176140252057                         0         1.221594278793743
    0.8497673734465035       0.6734047450343624      0.09800938573087128      0.07886537257863095       0.6090684398003658         8.78472762857859       0.1149809991998983       0.09800938573087128        0.6282135310421733                         0         1.220176648022255
    0.8507979520911556       0.6759804427695392      0.09586188785811435      0.07819160927225127       0.6095230154833392        8.766637719903322       0.1145215155683008       0.09586188785811435        0.6287358717562445                         0         1.218776243310633
    0.8518292632720009       0.6785718573850966      0.09363188470228015      0.07751784596587161       0.6100015978152177        8.757965201881348       0.1140634830622808       0.09363188470228015        0.6292857889567895                         0         1.217392744469684
    0.8528611519439384       0.6811789387839677      0.09131374336608379      0.07684408265949193       0.6105052602250436        8.739917870946813       0.1136069133046919       0.09131374336608379        0.6298644749486486                         0         1.216025834202755
    0.8538934624617711       0.6838016283435892      0.08890100056707348      0.07617031935311225       0.6110350995204059        8.731287168021993       0.1131518161612937       0.08890100056707348         0.630473145441906                         0         1.214675203236533
    0.8549260374319954       0.6864398572855097      0.08638618792556362      0.07549655604673257       0.6115922443179572        8.722677594051033       0.1126982686070431       0.08638618792556362        0.6311130490630947                         0         1.213340547268119
    0.8559587165129861       0.6890935452054433      0.08376060209609243      0.07482279274035289       0.6121778660252072         8.71408960313796       0.1122464269875354       0.08376060209609243        0.6317854795562758                         0         1.212021565319865
    0.8569913396676909       0.6917626029720194      0.08101398874450498      0.07414902943397322       0.6127931559000098        8.705523675107488       0.1117961079266713       0.08101398874450498        0.6324917497517799                         0         1.210717965270486
    0.8580237447774981       0.6944469298667679      0.07813413790076081      0.07347526612759354         0.61343934333031        8.696980313580957       0.1113473109457288       0.07813413790076081        0.6332332123898513                         0         1.209429459103821
    0.8590557650390864       0.6971464106423568      0.07510632564121592      0.07280150282121386       0.6141177184240473        8.688460044976267       0.1109002429298678       0.07510632564121592         0.634011285985375                         0         1.208155759146131
     0.860087238456303        0.699860924674696      0.07191249045307331      0.07212773951483419       0.6148295605483897        8.679963430286687       0.1104549216798868       0.07191249045307331        0.6348273707238377                         0         1.206896593249048
    0.8611179970262655       0.7025903346608423      0.06853011525903996      0.07145397620845451       0.6155762221446844        8.680878160329064       0.1100111367355198       0.06853011525903996        0.6356829483108026                         0         1.205651687047776
    0.8621478689965115       0.7053344884444038      0.06493050070405036      0.07078021290207483       0.6163591157159084         8.67242950026365        0.109569346926428       0.06493050070405036        0.6365795646691965                         0         1.204420768094153
    0.8631766862155535       0.7080932259446525      0.06107606096953382      0.07010644959569515        0.617179655425652        8.673391082712131       0.1091291518848527       0.06107606096953382        0.6375187624643248                         0         1.203203576445349
    0.8642042769637028       0.7108663716178117      0.05691595266829196      0.06943268628931548       0.6180393174339508        8.674376389157709        0.108690965127785       0.05691595266829196        0.6385021508754015                         0         1.201999854218067
    0.8652304645142127        0.713653732247298      0.05237842175410485       0.0687589229829358       0.6189396531244599        8.675386035910496       0.1082544367975287       0.05237842175410485        0.6395314192920064                         0         1.200809342837081
    0.8662550770467887       0.7164551068450263      0.04735624156903331      0.06808515967655612       0.6198822113333516        8.676420680732731        0.107820079896913       0.04735624156903331        0.6406082511523025                         0         1.199631797937969
    0.8672779370813297       0.7192702751628034      0.04167592470786129      0.06741139637017644       0.6208686265302599        8.677481014064222       0.1073875572327905       0.04167592470786129        0.6417344214054643                         0         1.198466973454089
    0.8682988665158226       0.7220990025391313      0.03502031718574436      0.06673763306379676       0.6219005808959358        8.687946093491369       0.1069569584923857       0.03502031718574436         0.642911754617054                         0         1.197314629468123
    0.8693176838739963        0.724941036620704      0.02667121475468997       0.0660638697574171       0.6229798302311838        8.689058654725809       0.1065285694680844       0.02667121475468997        0.6441421534507333                         0         1.196174528655622
      0.87033421148933        0.727796113371177       0.0138491414230302      0.06539010645103742       0.6241081432609238        8.699574716793972       0.1061022710131297        0.0138491414230302        0.6454275312366555                         0         1.195046442427367
    0.8703342114893291       0.7277961133711764       0.0138491414230302      0.06539010645103742       0.6241081432609238        8.699574716793972       0.1061022710131299        0.0138491414230302        0.6454275312366631                         0         1.195046442427367
    0.8704823940520099       0.7282139505785094      0.01075129086745285      0.06529175537586451       0.6242770636815277        8.699743385059225       0.1060401318925568       0.01075129086745285        0.6456198829073576                         0         1.194882763645232
    0.8706305234950873       0.7286320588945867     0.006268114881233819      0.06519340430069161       0.6244470738103703        8.699912669760412       0.1059782192495582      0.006268114881233819        0.6458134539863726                         0         1.194719335480297